34
72448      0.0000000 0.0502830 0.0245081 0.0777442 0.0245608 0.0498450 0.0498708 0.0787374 0.1343657 0.1057300 0.0498708 0.0776268 0.0760855 0.0778283 0.0498450 0.0498708 0.0500634 0.1057868 0.1349797 0.1085243 0.0761250 0.1084644 0.0509237 0.0510016 0.1637091 0.1645783 0.0762452 0.0498708 0.0510828 0.2009511 0.1949169 0.0498708 0.0498708 0.0245985 
34947      0.0502830 0.0000000 0.0765867 0.0781000 0.0246664 0.0500632 0.0500892 0.0253551 0.1350094 0.0510824 0.0500892 0.0779816 0.0764256 0.0781849 0.0500632 0.0500892 0.0502830 0.0511094 0.0782267 0.0523011 0.0764655 0.0522728 0.0511518 0.0512303 0.1645062 0.1059954 0.0765867 0.0500892 0.0513116 0.1382929 0.1958887 0.0500892 0.0500892 0.0247044 
589699     0.0245081 0.0765867 0.0000000 0.0510285 0.0498708 0.0758995 0.0245734 0.1067111 0.1058436 0.1342933 0.0759389 0.0509505 0.1029817 0.1054455 0.0758995 0.0759389 0.0762452 0.0781082 0.1063056 0.1380270 0.1030354 0.1379504 0.0776268 0.0777442 0.1343657 0.1350529 0.0500893 0.0759389 0.0778697 0.1694248 0.1645783 0.0759389 0.0759389 0.0499483 
671887     0.0777442 0.0781000 0.0510285 0.0000000 0.0508012 0.0773837 0.0250106 0.0502769 0.1080996 0.0758923 0.0774246 0.0519249 0.1051020 0.1031320 0.0773837 0.0774246 0.0777442 0.0245728 0.0500864 0.0777364 0.1051581 0.0776951 0.0791871 0.0244701 0.1373815 0.1381036 0.0510285 0.0774246 0.0762379 0.1058286 0.1684948 0.0774246 0.0774246 0.1057868 
33556      0.0245608 0.0246664 0.0498708 0.0508012 0.0000000 0.0244582 0.0244707 0.0514302 0.1053297 0.0777029 0.0244707 0.0507240 0.0497675 0.1057300 0.0244582 0.0244707 0.0245608 0.0777442 0.1057868 0.0796461 0.0497933 0.0796027 0.0249590 0.0249975 0.1336874 0.1343657 0.0498708 0.0244707 0.0780666 0.1684948 0.1637091 0.0244707 0.0244707 0.0500634 
73495      0.0498450 0.0500632 0.0758995 0.0773837 0.0244582 0.0000000 0.0496542 0.0783672 0.1336874 0.0509746 0.0496542 0.0772674 0.0757404 0.1342211 0.0496288 0.0496542 0.0498450 0.1052735 0.1342933 0.1079810 0.0757796 0.1079217 0.0506974 0.0507745 0.1628501 0.1637091 0.0758995 0.0496542 0.1057300 0.1998026 0.1938489 0.0496542 0.0496542 0.0762055 
482720     0.0498708 0.0500892 0.0245734 0.0250106 0.0244707 0.0496542 0.0000000 0.0784092 0.0777855 0.1052735 0.0496797 0.0249720 0.0757796 0.1342933 0.0496542 0.0496797 0.0498708 0.0510285 0.0781082 0.1080403 0.0758188 0.1079810 0.0507240 0.0508012 0.1053297 0.1058436 0.0245734 0.0496797 0.1057868 0.1381036 0.1343657 0.0496797 0.0496797 0.0762452 
483626     0.0787374 0.0253551 0.1067111 0.0502769 0.0514302 0.0783672 0.0784092 0.0000000 0.1700651 0.0246926 0.0784092 0.1088394 0.1064773 0.0503297 0.0783672 0.0784092 0.0787374 0.0247053 0.0503560 0.0252429 0.1065348 0.0252296 0.0802206 0.0247588 0.2016932 0.1388717 0.1067111 0.0784092 0.0247971 0.1064054 0.2356372 0.0784092 0.0784092 0.0515130 
481022     0.1343657 0.1350094 0.1058436 0.1080996 0.1053297 0.1336874 0.0777855 0.1700651 0.0000000 0.1998026 0.1337591 0.1079343 0.1634354 0.2333815 0.1336874 0.1337591 0.1343657 0.1381036 0.1082816 0.2062274 0.1635235 0.2061082 0.1371747 0.1373815 0.0245201 0.0246232 0.0509086 0.1337591 0.2009511 0.0511337 0.0499712 0.1337591 0.1337591 0.1645783 
1236401    0.1057300 0.0510824 0.1342933 0.0758923 0.0777029 0.0509746 0.1052735 0.0246926 0.1998026 0.0000000 0.1052735 0.1370991 0.1339991 0.0759723 0.1052173 0.1052735 0.1057300 0.0497275 0.0760117 0.0508519 0.1340711 0.0508252 0.1078160 0.0498421 0.2319954 0.1678653 0.1342933 0.1052735 0.0499197 0.1338836 0.2666635 0.1052735 0.1052735 0.0778283 
70451      0.0498708 0.0500892 0.0759389 0.0774246 0.0244707 0.0496542 0.0496797 0.0784092 0.1337591 0.1052735 0.0000000 0.0773082 0.0757796 0.1342933 0.0496542 0.0496797 0.0498708 0.1053297 0.1343657 0.1080403 0.0758188 0.1079810 0.0507240 0.0508012 0.1629375 0.1637974 0.0759389 0.0496797 0.1057868 0.1999141 0.1939534 0.0496797 0.0496797 0.0762452 
6177210    0.0776268 0.0779816 0.0509505 0.0519249 0.0507240 0.0772674 0.0249720 0.1088394 0.1079343 0.1370991 0.0773082 0.0000000 0.1049457 0.1681513 0.0772674 0.0773082 0.0776268 0.0795661 0.1084174 0.1410219 0.1050016 0.1409417 0.0790652 0.0791871 0.1371747 0.1378947 0.0509505 0.0773082 0.1378183 0.1733641 0.1682448 0.0773082 0.0773082 0.1056285 
6177211    0.0760855 0.0764256 0.1029817 0.1051020 0.0497675 0.0757404 0.0757796 0.1064773 0.1634354 0.1339991 0.0757796 0.1049457 0.0000000 0.1641238 0.0245107 0.0757796 0.0760855 0.1340711 0.1642127 0.1377149 0.1028180 0.1376386 0.0774609 0.0775779 0.1935225 0.1945873 0.1029817 0.0757796 0.1346822 0.2329693 0.2256464 0.0757796 0.0757796 0.1034162 
6177212    0.0778283 0.0781849 0.1054455 0.1031320 0.1057300 0.1342211 0.1342933 0.0503297 0.2333815 0.0759723 0.1342933 0.1681513 0.1641238 0.0000000 0.1342211 0.1342933 0.1349067 0.0760117 0.1032966 0.0778205 0.1642127 0.0777791 0.1377419 0.0761982 0.2666635 0.2001524 0.1644891 0.1342933 0.0245326 0.1639456 0.3026638 0.1342933 0.1342933 0.0509358 
483646     0.0498450 0.0500632 0.0758995 0.0773837 0.0244582 0.0496288 0.0496542 0.0783672 0.1336874 0.1052173 0.0496542 0.0772674 0.0245107 0.1342211 0.0000000 0.0496542 0.0498450 0.1052735 0.1342933 0.1079810 0.0757796 0.1079217 0.0506974 0.0507745 0.1628501 0.1637091 0.0758995 0.0496542 0.1057300 0.1998026 0.1938489 0.0496542 0.0496542 0.0762055 
589767     0.0498708 0.0500892 0.0759389 0.0774246 0.0244707 0.0496542 0.0496797 0.0784092 0.1337591 0.1052735 0.0496797 0.0773082 0.0757796 0.1342933 0.0496542 0.0000000 0.0498708 0.1053297 0.1343657 0.1080403 0.0758188 0.1079810 0.0507240 0.0508012 0.1629375 0.1637974 0.0759389 0.0496797 0.1057868 0.1999141 0.1939534 0.0496797 0.0496797 0.0762452 
484563     0.0500634 0.0502830 0.0762452 0.0777442 0.0245608 0.0498450 0.0498708 0.0787374 0.1343657 0.1057300 0.0498708 0.0776268 0.0760855 0.1349067 0.0498450 0.0498708 0.0000000 0.1057868 0.1349797 0.1085243 0.0761250 0.1084644 0.0509237 0.0510016 0.1637091 0.1645783 0.0762452 0.0498708 0.1062483 0.2009511 0.1339083 0.0498708 0.0498708 0.0765541 
484565     0.1057868 0.0511094 0.0781082 0.0245728 0.0777442 0.1052735 0.0510285 0.0247053 0.1381036 0.0497275 0.1053297 0.0795661 0.1340711 0.0760117 0.1052735 0.1053297 0.1057868 0.0000000 0.0246106 0.0508787 0.1341432 0.0508519 0.1078751 0.0498679 0.1684948 0.1082816 0.0781082 0.1053297 0.0499454 0.0779033 0.2009511 0.1053297 0.1053297 0.0778697 
589653     0.1349797 0.0782267 0.1063056 0.0500864 0.1057868 0.1342933 0.0781082 0.0503560 0.1082816 0.0760117 0.1343657 0.1084174 0.1642127 0.1032966 0.1342933 0.1343657 0.1349797 0.0246106 0.0000000 0.0778619 0.1643016 0.0778205 0.1378183 0.0762379 0.1376157 0.0796148 0.0511098 0.1343657 0.0763584 0.0509864 0.1687870 0.1343657 0.1343657 0.1059606 
484567     0.1085243 0.0523011 0.1380270 0.0777364 0.0796461 0.1079810 0.1080403 0.0252429 0.2062274 0.0508519 0.1080403 0.1410219 0.1377149 0.0778205 0.1079810 0.1080403 0.1085243 0.0508787 0.0778619 0.0000000 0.1377912 0.0520310 0.1107400 0.0509984 0.2398619 0.1729526 0.1380270 0.1080403 0.0510796 0.1375887 0.2762812 0.1080403 0.1080403 0.0797779 
682709     0.0761250 0.0764655 0.1030354 0.1051581 0.0497933 0.0757796 0.0758188 0.1065348 0.1635235 0.1340711 0.0758188 0.1050016 0.1028180 0.1642127 0.0757796 0.0758188 0.0761250 0.1341432 0.1643016 0.1377912 0.0000000 0.1377149 0.0775020 0.0776190 0.1936267 0.1946926 0.1030354 0.0245358 0.1347550 0.2330996 0.2257681 0.0758188 0.0758188 0.1034703 
682711     0.1084644 0.0522728 0.1379504 0.0776951 0.0796027 0.1079217 0.1079810 0.0252296 0.2061082 0.0508252 0.1079810 0.1409417 0.1376386 0.0777791 0.1079217 0.1079810 0.1084644 0.0508519 0.0778205 0.0520310 0.1377149 0.0000000 0.1106775 0.0509715 0.2397233 0.1728534 0.1379504 0.1079810 0.0510527 0.1375127 0.2761214 0.1079810 0.1079810 0.0797342 
2177880    0.0509237 0.0511518 0.0776268 0.0791871 0.0249590 0.0506974 0.0507240 0.0802206 0.1371747 0.1078160 0.0507240 0.0790652 0.0774609 0.1377419 0.0506974 0.0507240 0.0509237 0.1078751 0.1378183 0.1107400 0.0775020 0.1106775 0.0000000 0.0518970 0.1673291 0.1682448 0.0776268 0.0507240 0.1083576 0.2059192 0.1995132 0.0507240 0.0507240 0.0779482 
481256     0.0510016 0.0512303 0.0777442 0.0244701 0.0249975 0.0507745 0.0508012 0.0247588 0.1373815 0.0498421 0.0508012 0.0791871 0.0775779 0.0761982 0.0507745 0.0508012 0.0510016 0.0498679 0.0762379 0.0509984 0.0776190 0.0509715 0.0518970 0.0000000 0.1675764 0.1684948 0.0777442 0.0508012 0.0500605 0.1343407 0.1998026 0.0508012 0.0508012 0.0780666 
481260     0.1637091 0.1645062 0.1343657 0.1373815 0.1336874 0.1628501 0.1053297 0.2016932 0.0245201 0.2319954 0.1629375 0.1371747 0.1935225 0.2666635 0.1628501 0.1629375 0.1637091 0.1684948 0.1376157 0.2398619 0.1936267 0.2397233 0.1673291 0.1675764 0.0000000 0.0499712 0.0775491 0.1629375 0.2333815 0.0779033 0.0246106 0.1629375 0.1629375 0.1949169 
481261     0.1645783 0.1059954 0.1350529 0.1381036 0.1343657 0.1637091 0.1058436 0.1388717 0.0246232 0.1678653 0.1637974 0.1378947 0.1945873 0.2001524 0.1637091 0.1637974 0.1645783 0.1082816 0.0796148 0.1729526 0.1946926 0.1728534 0.1682448 0.1684948 0.0499712 0.0000000 0.0779112 0.1637974 0.1687870 0.0251017 0.0763982 0.1637974 0.1637974 0.1345898 
481262     0.0762452 0.0765867 0.0500893 0.0510285 0.0498708 0.0758995 0.0245734 0.1067111 0.0509086 0.1342933 0.0759389 0.0509505 0.1029817 0.1644891 0.0758995 0.0759389 0.0762452 0.0781082 0.0511098 0.1380270 0.1030354 0.1379504 0.0776268 0.0777442 0.0775491 0.0779112 0.0000000 0.0759389 0.1349797 0.1082816 0.1055019 0.0759389 0.0759389 0.1036361 
482925     0.0498708 0.0500892 0.0759389 0.0774246 0.0244707 0.0496542 0.0496797 0.0784092 0.1337591 0.1052735 0.0496797 0.0773082 0.0757796 0.1342933 0.0496542 0.0496797 0.0498708 0.1053297 0.1343657 0.1080403 0.0245358 0.1079810 0.0507240 0.0508012 0.1629375 0.1637974 0.0759389 0.0000000 0.1057868 0.1999141 0.1939534 0.0496797 0.0496797 0.0762452 
482926     0.0510828 0.0513116 0.0778697 0.0762379 0.0780666 0.1057300 0.1057868 0.0247971 0.2009511 0.0499197 0.1057868 0.1378183 0.1346822 0.0245326 0.1057300 0.1057868 0.1062483 0.0499454 0.0763584 0.0510796 0.1347550 0.0510527 0.1083576 0.0500605 0.2333815 0.1687870 0.1349797 0.1057868 0.0000000 0.1345648 0.2683304 0.1057868 0.1057868 0.0250760 
518643     0.2009511 0.1382929 0.1694248 0.1058286 0.1684948 0.1998026 0.1381036 0.1064054 0.0511337 0.1338836 0.1999141 0.1733641 0.2329693 0.1639456 0.1998026 0.1999141 0.2009511 0.0779033 0.0509864 0.1375887 0.2330996 0.1375127 0.2059192 0.1343407 0.0779033 0.0251017 0.1082816 0.1999141 0.1345648 0.0000000 0.1060025 0.1999141 0.1999141 0.1687870 
2177526    0.1949169 0.1958887 0.1645783 0.1684948 0.1637091 0.1938489 0.1343657 0.2356372 0.0499712 0.2666635 0.1939534 0.1682448 0.2256464 0.3026638 0.1938489 0.1939534 0.1339083 0.2009511 0.1687870 0.2762812 0.2257681 0.2761214 0.1995132 0.1998026 0.0246106 0.0763982 0.1055019 0.1939534 0.2683304 0.1060025 0.0000000 0.1939534 0.1939534 0.2273325 
589688     0.0498708 0.0500892 0.0759389 0.0774246 0.0244707 0.0496542 0.0496797 0.0784092 0.1337591 0.1052735 0.0496797 0.0773082 0.0757796 0.1342933 0.0496542 0.0496797 0.0498708 0.1053297 0.1343657 0.1080403 0.0758188 0.1079810 0.0507240 0.0508012 0.1629375 0.1637974 0.0759389 0.0496797 0.1057868 0.1999141 0.1939534 0.0000000 0.0496797 0.0762452 
589692     0.0498708 0.0500892 0.0759389 0.0774246 0.0244707 0.0496542 0.0496797 0.0784092 0.1337591 0.1052735 0.0496797 0.0773082 0.0757796 0.1342933 0.0496542 0.0496797 0.0498708 0.1053297 0.1343657 0.1080403 0.0758188 0.1079810 0.0507240 0.0508012 0.1629375 0.1637974 0.0759389 0.0496797 0.1057868 0.1999141 0.1939534 0.0496797 0.0000000 0.0762452 
481662     0.0245985 0.0247044 0.0499483 0.1057868 0.0500634 0.0762055 0.0762452 0.0515130 0.1645783 0.0778283 0.0762452 0.1056285 0.1034162 0.0509358 0.0762055 0.0762452 0.0765541 0.0778697 0.1059606 0.0797779 0.1034703 0.0797342 0.0779482 0.0780666 0.1949169 0.1345898 0.1036361 0.0762452 0.0250760 0.1687870 0.2273325 0.0762452 0.0762452 0.0000000 
