C42.2/C1/C42a-C1b-C3-C1j-C1au-C1az	1585933	0	0.16985320587176514	0.4385696500622478	0.21346146154153833	1.0	0.963981080567583	1.0	1.0	0.15687215639218038	0.33325666973321066	0.22022729204477842	0.7591460213494663	0.4219473415797526	1.0	1.0	1.0	1.0	0.6537703868883934
C42a/C1/C42.2/C1b/C3-C1j-C1au-C115k	1585934	0.16985320587176514	0	0.4341498047568335	0.13671453141874326	1.0	0.9716608501744948	1.0	1.0	0.12613369331533422	0.20510179592816288	0.09555165569205078	0.7720156996075098	0.516774496765097	1.0	1.0	1.0	1.0	0.6537703868883934
C15/C42.2/C42a-C1-C1b-C1au	1587213	0.4385696500622478	0.4341498047568335	0	0.49367772127975523	0.5874444394446194	1.0	0.5874423767286981	0.5874423767286981	0.44058517366718497	0.5252866149684761	0.41255762327130185	0.8607227855442892	0.6291692707682308	0.5874423767286981	0.5874382512349753	0.5874423767286981	0.5874444394446194	0.6537686557836054
C42a/C1/C42.2/C1b/C1j-C1ci-C1au-C3	1588633	0.21346146154153833	0.13671453141874326	0.49367772127975523	0	1.0	0.9792406227813165	1.0	1.0	0.1320033998300085	0.24559017639294428	0.218727344542941	0.7821554461138471	0.5832225033249002	1.0	1.0	1.0	1.0	0.6537703868883934
C15-C15cc-C15ci-C15cl-C15n-C15ie	1586587	1.0	1.0	0.5874444394446194	1.0	0	1.0	0.15314963976260831	0.20279790207342743	1.0	1.0	1.0	1.0	1.0	0.12479063232786852	0.30621734456638583	0.22852700155494557	0.05051797928082877	1.0
C93a/C3/C3u	1589029	0.963981080567583	0.9716608501744948	1.0	0.9792406227813165	1.0	0	1.0	1.0	0.9628014879404824	0.9659310220693379	0.9513512162195945	0.5448468272975905	0.6916861662766745	1.0	0.6937945930811038	1.0	1.0	1.0
C15-C15ci-C15n-C15cf-C15ce-C15ck-C15hd	1585960	1.0	1.0	0.5874423767286981	1.0	0.15314963976260831	1.0	0	0.11034668959931201	1.0	1.0	1.0	1.0	1.0	0.1075667729968101	0.30621387572248554	0.21520354389368318	0.14526991555295565	1.0
C15-C15ci-C15ip-C15cf-C15l-C15ce	1588394	1.0	1.0	0.5874423767286981	1.0	0.20279790207342743	1.0	0.11034668959931201	0	1.0	1.0	1.0	1.0	1.0	0.13565593032209033	0.30621387572248554	0.19798406047818565	0.19365822196223131	1.0
C1/C42a/C42.2/C1b/C1j-C1au-C3-C115l	1586603	0.15687215639218038	0.12613369331533422	0.44058517366718497	0.1320033998300085	1.0	0.9628014879404824	1.0	1.0	0	0.2615269236538173	0.19360628771705274	0.7560185393511227	0.5132694692212312	1.0	1.0	1.0	1.0	0.6537738490460382
C42a/C42aw/C1-C42.2-C1b-C1j-C1au-C3	1586098	0.33325666973321066	0.20510179592816288	0.5252866149684761	0.24559017639294428	1.0	0.9659310220693379	1.0	1.0	0.2615269236538173	0	0.24810631627893023	0.8167345816354591	0.6521704348869534	1.0	1.0	1.0	1.0	0.6788496345109647
C42a/C42.2/C1-C1au-C1b-C3-C115k	1586361	0.22022729204477842	0.09555165569205078	0.41255762327130185	0.218727344542941	1.0	0.9513512162195945	1.0	1.0	0.19360628771705274	0.24810631627893023	0	0.7812543749125017	0.48862278443038926	1.0	1.0	1.0	1.0	0.6537686557836054
C1/C93a	1587514	0.7591460213494663	0.7720156996075098	0.8607227855442892	0.7821554461138471	1.0	0.5448468272975905	1.0	1.0	0.7560185393511227	0.8167345816354591	0.7812543749125017	0	0.615995760063599	1.0	0.6937930620693793	1.0	1.0	0.8653520197197042
C1/C3/C42.2	1586365	0.4219473415797526	0.516774496765097	0.6291692707682308	0.5832225033249002	1.0	0.6916861662766745	1.0	1.0	0.5132694692212312	0.6521704348869534	0.48862278443038926	0.615995760063599	0	1.0	1.0	1.0	1.0	0.7097758044839103
C15-C15ci-C15cj-C15n-C15ie-C15cf	1586753	1.0	1.0	0.5874423767286981	1.0	0.12479063232786852	1.0	0.1075667729968101	0.13565593032209033	1.0	1.0	1.0	1.0	1.0	0	0.30621387572248554	0.14734557963261102	0.11076112336068238	1.0
C15/C93a	1587534	1.0	1.0	0.5874382512349753	1.0	0.30621734456638583	0.6937945930811038	0.30621387572248554	0.30621387572248554	1.0	1.0	1.0	0.6937930620693793	1.0	0.30621387572248554	0	0.30621387572248554	0.30621734456638583	1.0
C15-C15ci-C15cj-C15ch-C15cm	1585391	1.0	1.0	0.5874423767286981	1.0	0.22852700155494557	1.0	0.21520354389368318	0.19798406047818565	1.0	1.0	1.0	1.0	1.0	0.14734557963261102	0.30621387572248554	0	0.1816286429974951	1.0
C15-C15ci-C15cc-C15n-C15cl-C15cj	1585393	1.0	1.0	0.5874444394446194	1.0	0.05051797928082877	1.0	0.14526991555295565	0.19365822196223131	1.0	1.0	1.0	1.0	1.0	0.11076112336068238	0.30621734456638583	0.1816286429974951	0	1.0
C42dh/C1-C42.2-C1b-C42dz	1587322	0.6537703868883934	0.6537703868883934	0.6537686557836054	0.6537703868883934	1.0	1.0	1.0	1.0	0.6537738490460382	0.6788496345109647	0.6537686557836054	0.8653520197197042	0.7097758044839103	1.0	1.0	1.0	1.0	0
