C42.2/C1/C42a-C1b-C3-C1j-C1au-C1az	1585933	0.0	0.0013627773484156654	0.006256765963014357	0.001338256200423531	0.0016136770532735154	0.002404021066640198	0.0016584256786959441	0.0027095648533719584	0.0054616748968145355	0.010359292317317255	0.012199676177759832	0.025650468621362294	0.02566861544807077	0.024688467841486258	0.02789629142422918	0.020435603891756943	0.030847206927761862	0.02730134252583225
C42a/C1/C42.2/C1b/C3-C1j-C1au-C115k	1585934	0.0013627773484156654	0.0	0.006804438630790763	0.0011828972098765255	0.0008624023385971674	0.002030861564030791	0.0007859250422873926	0.0030789757421962123	0.005578136715224157	0.010728631004211522	0.012568997977297278	0.02601976964216735	0.026037916468875825	0.025057768862291312	0.02826559244503423	0.020804904912561997	0.031216507948566913	0.027670643546637303
C15/C42.2/C42a-C1-C1b-C1au	1587213	0.006256765963014357	0.006804438630790763	0.0	0.006647502136949414	0.006803092910734409	0.007845180699510146	0.006565149968951871	0.005475750061885446	0.010200009366887714	0.006355119427504474	0.008195046132050854	0.019393764653363992	0.01941191148007246	0.018431763873487952	0.021639587456230874	0.014178899923758637	0.024590502959763554	0.021044638557833947
C42a/C1/C42.2/C1b/C1j-C1ci-C1au-C3	1588633	0.001338256200423531	0.0011828972098765255	0.006647502136949414	0.0	0.001452096779530235	0.002292576886622407	0.001968822252163918	0.002843377354710387	0.005574476408610008	0.010492773806512444	0.012333337870516149	0.025784090119182097	0.025802236945890566	0.024822089339306054	0.02802991292204898	0.02056922538957674	0.030980828425581662	0.027434964023652048
C1/C42a/C42.2/C1b/C1j-C1au-C3-C115l	1586603	0.0016136770532735154	0.0008624023385971674	0.006803092910734409	0.001452096779530235	0.0	0.0028198941936150245	0.001361455760729635	0.003161342814340572	0.006138120974688828	0.010810923375327911	0.01265133671345468	0.026102121945628873	0.026120268772337345	0.025140121165752833	0.028347944748495755	0.020887257216023518	0.03129886025202843	0.027752995850098824
C42a/C42aw/C1-C42.2-C1b-C1j-C1au-C3	1586098	0.002404021066640198	0.002030861564030791	0.007845180699510146	0.002292576886622407	0.0028198941936150245	0.0	0.002476906426256857	0.004149470462385297	0.005945993867806337	0.011799228145709013	0.01363931660172995	0.027090099063360993	0.027108245890069466	0.026128098283484957	0.02933592186622787	0.02187523433375564	0.03228683736976056	0.028740972967830947
C42a/C42.2/C1-C1au-C1b-C3-C115k	1586361	0.0016584256786959441	0.0007859250422873926	0.006565149968951871	0.001968822252163918	0.001361455760729635	0.002476906426256857	0.0	0.003018159693881085	0.0055182018143627104	0.010667974241944479	0.012508085329956429	0.025958905344739314	0.025977052171447787	0.024996904564863278	0.0282047281476062	0.020744040615133963	0.03115564365113888	0.02760977924920927
C1/C3/C42.2	1586365	0.0027095648533719584	0.0030789757421962123	0.005475750061885446	0.002843377354710387	0.003161342814340572	0.004149470462385297	0.003018159693881085	0.0	0.004933576703142574	0.007650737692150784	0.009490651922287301	0.022941913564071905	0.02296006039078038	0.02197991278419587	0.025187736366938787	0.017727048834466554	0.028138651870471466	0.02459278746854186
C42dh/C1-C42.2-C1b-C42dz	1587322	0.0054616748968145355	0.005578136715224157	0.010200009366887714	0.005574476408610008	0.006138120974688828	0.005945993867806337	0.0055182018143627104	0.004933576703142574	0.0	0.012583210426626038	0.014423084303909218	0.02787372640764763	0.0278918732343561	0.02691172562777159	0.03011954921051451	0.022658861678042274	0.0330704647140472	0.029524600312117583
C1/C93a	1587514	0.010359292317317255	0.010728631004211522	0.006355119427504474	0.010492773806512444	0.010810923375327911	0.011799228145709013	0.010667974241944479	0.007650737692150784	0.012583210426626038	0.0	0.003382698619213435	0.015292953294178898	0.01531110012088737	0.014330952514302862	0.01753877609704578	0.01007735623780622	0.02048969160057846	0.016943827198648852
C93a/C3/C3u	1589029	0.012199676177759832	0.012568997977297278	0.008195046132050854	0.012333337870516149	0.01265133671345468	0.01363931660172995	0.012508085329956429	0.009490651922287301	0.014423084303909218	0.003382698619213435	0.0	0.013452642103738411	0.013470788930446884	0.012490641323862375	0.01569846490660529	0.008237045047365731	0.018649380410137972	0.015103516008208358
C15-C15cc-C15ci-C15cl-C15n-C15ie	1586587	0.025650468621362294	0.02601976964216735	0.019393764653363992	0.025784090119182097	0.026102121945628873	0.027090099063360993	0.025958905344739314	0.022941913564071905	0.02787372640764763	0.015292953294178898	0.013452642103738411	0.0	0.004905945659776369	0.004762844940727782	0.004989228567662136	0.005216004187767906	0.010921748977518228	0.003999000507869
C15-C15ci-C15n-C15cf-C15ce-C15ck-C15hd	1585960	0.02566861544807077	0.026037916468875825	0.01941191148007246	0.025802236945890566	0.026120268772337345	0.027108245890069466	0.025977052171447787	0.02296006039078038	0.0278918732343561	0.01531110012088737	0.013470788930446884	0.004905945659776369	0.0	0.003060407364435508	0.006202839316710225	0.0052341718921794815	0.010344330092362278	0.006481227835902462
C15-C15ci-C15ip-C15cf-C15l-C15ce	1588394	0.024688467841486258	0.025057768862291312	0.018431763873487952	0.024822089339306054	0.025140121165752833	0.026128098283484957	0.024996904564863278	0.02197991278419587	0.02691172562777159	0.014330952514302862	0.012490641323862375	0.004762844940727782	0.003060407364435508	0.0	0.004165326175753599	0.004253989811970644	0.0076551098029580475	0.004754345956054141
C15-C15ci-C15cj-C15n-C15ie-C15cf	1586753	0.02789629142422918	0.02826559244503423	0.021639587456230874	0.02802991292204898	0.028347944748495755	0.02933592186622787	0.0282047281476062	0.025187736366938787	0.03011954921051451	0.01753877609704578	0.01569846490660529	0.004989228567662136	0.006202839316710225	0.004165326175753599	0.0	0.0074618035744512465	0.006660847303732582	0.003189079523564217
C15/C93a	1587534	0.020435603891756943	0.020804904912561997	0.014178899923758637	0.02056922538957674	0.020887257216023518	0.02187523433375564	0.020744040615133963	0.017727048834466554	0.022658861678042274	0.01007735623780622	0.008237045047365731	0.005216004187767906	0.0052341718921794815	0.004253989811970644	0.0074618035744512465	0.0	0.010412711814249265	0.0068668730072006775
C15-C15ci-C15cj-C15ch-C15cm	1585391	0.030847206927761862	0.031216507948566913	0.024590502959763554	0.030980828425581662	0.03129886025202843	0.03228683736976056	0.03115564365113888	0.028138651870471466	0.0330704647140472	0.02048969160057846	0.018649380410137972	0.010921748977518228	0.010344330092362278	0.0076551098029580475	0.006660847303732582	0.010412711814249265	0.0	0.006922760444441111
C15-C15ci-C15cc-C15n-C15cl-C15cj	1585393	0.02730134252583225	0.027670643546637303	0.021044638557833947	0.027434964023652048	0.027752995850098824	0.028740972967830947	0.02760977924920927	0.02459278746854186	0.029524600312117583	0.016943827198648852	0.015103516008208358	0.003999000507869	0.006481227835902462	0.004754345956054141	0.003189079523564217	0.0068668730072006775	0.006922760444441111	0.0
