C42.2/C1/C42a-C1b-C3-C1j-C1au-C1az	1585933	0.0	0.0010469868785189633	0.008943026317734831	0.0013161508870764094	0.001186554162129789	0.002576567777199815	0.0012513327796983857	0.002876192789148665	0.005154848813919639	0.010224099219684877	0.012757396557047319	0.023651113618110935	0.02356728483148059	0.023358308585190814	0.024640038662937482	0.02074397794388835	0.026222079310657422	0.024332480437934987
C42a/C1/C42.2/C1b/C3-C1j-C1au-C115k	1585934	0.0010469868785189633	0.0	0.009729271726361594	0.0011406753032187126	0.0011713203347261097	0.0019710197904102555	0.0005787805839815746	0.0035337964342910186	0.005516517446754598	0.010881637198064313	0.013414825999570733	0.024308527674005393	0.02422469888737505	0.02401572264108527	0.025297452718831947	0.021401391999782807	0.02687949336655188	0.02498989449382944
C15/C42.2/C42a-C1-C1b-C1au	1587213	0.008943026317734831	0.009729271726361594	0.0	0.009587277791052293	0.009312567785118093	0.011258325676906928	0.009609879139498151	0.007276608010155852	0.012955325619644107	0.004426467753436328	0.006958804620399162	0.014708139297210836	0.014624310510580494	0.014415334264290716	0.015697064342037388	0.011801003622988249	0.01727910498975732	0.015389506117034891
C42a/C1/C42.2/C1b/C1j-C1ci-C1au-C3	1588633	0.0013161508870764094	0.0011406753032187126	0.009587277791052293	0.0	0.0011096699206317472	0.0027425192010340875	0.0016867888863468185	0.0033094528864501547	0.005882384423084067	0.010656818021696737	0.01319036469883103	0.024084051179343258	0.024000222392712916	0.023791246146423136	0.025072976224169808	0.021176915505120672	0.026655016871889745	0.024765417999167306
C1/C42a/C42.2/C1b/C1j-C1au-C3-C115l	1586603	0.001186554162129789	0.0011713203347261097	0.009312567785118093	0.0011096699206317472	0.0	0.003048324893746762	0.0014417587712027332	0.0032306272810123295	0.006065391156890544	0.010578192845476286	0.013111646050610319	0.024005365318007794	0.02392153653137745	0.02371256028508767	0.024994290362834345	0.021098229643785205	0.026576331010554278	0.024686732137831843
C42a/C42aw/C1-C42.2-C1b-C1j-C1au-C3	1586098	0.002576567777199815	0.0019710197904102555	0.011258325676906928	0.0027425192010340875	0.003048324893746762	0.0	0.0023688916286014198	0.005102737404230376	0.006488985255483356	0.012450560300842106	0.014983327038843627	0.025877040115535342	0.025793211328904993	0.025584235082615217	0.02686596516036189	0.022969904441312753	0.028448005808081826	0.026558406935359387
C42a/C42.2/C1-C1au-C1b-C3-C115k	1586361	0.0012513327796983857	0.0005787805839815746	0.009609879139498151	0.0016867888863468185	0.0014417587712027332	0.0023688916286014198	0.0	0.003543394944833556	0.005583409321453564	0.010891394665202798	0.01342427616877465	0.024318018436708985	0.024234189650078643	0.024025213403788867	0.025306943481535536	0.021410882762486403	0.02688898412925547	0.024999385256533037
C1/C3/C42.2	1586365	0.002876192789148665	0.0035337964342910186	0.007276608010155852	0.0033094528864501547	0.0032306272810123295	0.005102737404230376	0.003543394944833556	0.0	0.00580119526170109	0.007348725748951389	0.009881503252469507	0.020775764826279748	0.020691936039649403	0.02048295979335963	0.0217646898711063	0.017868629152057162	0.02334673051882623	0.021457131646103796
C42dh/C1-C42.2-C1b-C42dz	1587322	0.005154848813919639	0.005516517446754598	0.012955325619644107	0.005882384423084067	0.006065391156890544	0.006488985255483356	0.005583409321453564	0.00580119526170109	0.0	0.013148708990835109	0.015680831322158632	0.02657447621930421	0.026490647432673865	0.026281671186384088	0.02756340126413076	0.02366734054508162	0.029145441911850697	0.027255843039128258
C1/C93a	1587514	0.010224099219684877	0.010881637198064313	0.004426467753436328	0.010656818021696737	0.010578192845476286	0.012450560300842106	0.010891394665202798	0.007348725748951389	0.013148708990835109	0.0	0.0029816593554643197	0.01342879753189682	0.01334496874526648	0.013135992498976698	0.014417722576723371	0.010521049318928109	0.015999763224443304	0.014110164351720874
C93a/C3/C3u	1589029	0.012757396557047319	0.013414825999570733	0.006958804620399162	0.01319036469883103	0.013111646050610319	0.014983327038843627	0.01342427616877465	0.009881503252469507	0.015680831322158632	0.0029816593554643197	0.0	0.010895644897145574	0.010811816110515233	0.010602839864225454	0.011884569941972126	0.007987896684176864	0.013466610589692061	0.011577011716969631
C15-C15cc-C15ci-C15cl-C15n-C15ie	1586587	0.023651113618110935	0.024308527674005393	0.014708139297210836	0.024084051179343258	0.024005365318007794	0.025877040115535342	0.024318018436708985	0.020775764826279748	0.02657447621930421	0.01342879753189682	0.010895644897145574	0.0	0.0020604240745680587	0.002228676066290113	0.0023535943236429077	0.002907748212968712	0.005092552208422065	0.0016771768669899033
C15-C15ci-C15n-C15cf-C15ce-C15ck-C15hd	1585960	0.02356728483148059	0.02422469888737505	0.014624310510580494	0.024000222392712916	0.02392153653137745	0.025793211328904993	0.024234189650078643	0.020691936039649403	0.026490647432673865	0.01334496874526648	0.010811816110515233	0.0020604240745680587	0.0	0.0012385043009287109	0.002498346923724667	0.0028239194263383694	0.004547024992848054	0.0026656564708816034
C15-C15ci-C15ip-C15cf-C15l-C15ce	1588394	0.023358308585190814	0.02401572264108527	0.014415334264290716	0.023791246146423136	0.02371256028508767	0.025584235082615217	0.024025213403788867	0.02048295979335963	0.026281671186384088	0.013135992498976698	0.010602839864225454	0.002228676066290113	0.0012385043009287109	0.0	0.0017744156133260023	0.0026149431800485887	0.003449978625045083	0.002178989320863741
C15-C15ci-C15cj-C15n-C15ie-C15cf	1586753	0.024640038662937482	0.025297452718831947	0.015697064342037388	0.025072976224169808	0.024994290362834345	0.02686596516036189	0.025306943481535536	0.0217646898711063	0.02756340126413076	0.014417722576723371	0.011884569941972126	0.0023535943236429077	0.002498346923724667	0.0017744156133260023	0.0	0.0038966732577952645	0.0029854531239454133	0.0015176487329701092
C15/C93a	1587534	0.02074397794388835	0.021401391999782807	0.011801003622988249	0.021176915505120672	0.021098229643785205	0.022969904441312753	0.021410882762486403	0.017868629152057162	0.02366734054508162	0.010521049318928109	0.007987896684176864	0.002907748212968712	0.0028239194263383694	0.0026149431800485887	0.0038966732577952645	0.0	0.005478713905515199	0.0035891150327927645
C15-C15ci-C15cj-C15ch-C15cm	1585391	0.026222079310657422	0.02687949336655188	0.01727910498975732	0.026655016871889745	0.026576331010554278	0.028448005808081826	0.02688898412925547	0.02334673051882623	0.029145441911850697	0.015999763224443304	0.013466610589692061	0.005092552208422065	0.004547024992848054	0.003449978625045083	0.0029854531239454133	0.005478713905515199	0.0	0.003415386348108164
C15-C15ci-C15cc-C15n-C15cl-C15cj	1585393	0.024332480437934987	0.02498989449382944	0.015389506117034891	0.024765417999167306	0.024686732137831843	0.026558406935359387	0.024999385256533037	0.021457131646103796	0.027255843039128258	0.014110164351720874	0.011577011716969631	0.0016771768669899033	0.0026656564708816034	0.002178989320863741	0.0015176487329701092	0.0035891150327927645	0.003415386348108164	0.0
