C42.2/C1/C42a-C1b-C3-C1j-C1au-C1az	1585933	0	0.14099436022559098	0.32650683732906677	0.17244896428624998	1.0	0.9248818779530512	1.0	1.0	0.14490992815251466	0.23395064197432103	0.20186793462228822	0.8047439051218975	0.504839903201936	1.0	1.0	1.0	1.0	0.5012524686882828
C42a/C1/C42.2/C1b/C3-C1j-C1au-C115k	1585934	0.14099436022559098	0	0.3363332283370082	0.12589933452994614	1.0	0.935212267570635	1.0	1.0	0.11573979170937308	0.16508174591270436	0.09950052247648856	0.8126956191314261	0.5598532044038679	1.0	1.0	1.0	1.0	0.5108371207007755
C15/C42.2/C42a-C1-C1b-C1au	1587213	0.32650683732906677	0.3363332283370082	0	0.371648850534484	0.7045759084818304	1.0	0.7045759084818304	0.704580339688111	0.3416397508074758	0.38576149834755785	0.3000409987700369	0.8360924586131208	0.6305455418168727	0.7045744313835293	0.7045744313835293	0.7045744313835293	0.7045759084818304	0.5284994300113998
C42a/C1/C42.2/C1b/C1j-C1ci-C1au-C3	1588633	0.17244896428624998	0.12589933452994614	0.371648850534484	0	1.0	0.9449916502504925	1.0	1.0	0.12455501779928803	0.19319630616622252	0.22540098396064157	0.8184945376365591	0.6003899902502438	1.0	1.0	1.0	1.0	0.5364739057828265
C15-C15cc-C15ci-C15cl-C15n-C15ie	1586587	1.0	1.0	0.7045759084818304	1.0	0	1.0	0.34446311073778524	0.44430944916927906	1.0	1.0	1.0	1.0	1.0	0.2458613120803188	0.5696364554531682	0.4442983355249671	0.10894782104357913	1.0
C93a/C3/C3u	1589029	0.9248818779530512	0.935212267570635	1.0	0.9449916502504925	1.0	0	1.0	1.0	0.9284221473355799	0.9298624548140815	0.9110826675199744	0.6022959655605166	0.6902146467802983	1.0	0.6338254926176108	1.0	1.0	1.0
C15-C15ci-C15n-C15cf-C15ce-C15ck-C15hd	1585960	1.0	1.0	0.7045759084818304	1.0	0.34446311073778524	1.0	0	0.2578959736409226	1.0	1.0	1.0	1.0	1.0	0.25254121188182177	0.5800762988555171	0.4465683014754779	0.33970320593588127	1.0
C15-C15ci-C15ip-C15cf-C15l-C15ce	1588394	1.0	1.0	0.704580339688111	1.0	0.44430944916927906	1.0	0.2578959736409226	0	1.0	1.0	1.0	1.0	1.0	0.3176704698859034	0.5628731138065858	0.408587742367729	0.4367697130600429	1.0
C1/C42a/C42.2/C1b/C1j-C1au-C3-C115l	1586603	0.14490992815251466	0.11573979170937308	0.3416397508074758	0.12455501779928803	1.0	0.9284221473355799	1.0	1.0	0	0.1883065262063207	0.19603215871365146	0.8105747356316092	0.5671708207294818	1.0	1.0	1.0	1.0	0.5270641880743577
C42a/C42aw/C1-C42.2-C1b-C1j-C1au-C3	1586098	0.23395064197432103	0.16508174591270436	0.38576149834755785	0.19319630616622252	1.0	0.9298624548140815	1.0	1.0	0.1883065262063207	0	0.24240409181586828	0.8380048598542044	0.631241062768117	1.0	1.0	1.0	1.0	0.5900143494977675
C42a/C42.2/C1-C1au-C1b-C3-C115k	1586361	0.20186793462228822	0.09950052247648856	0.3000409987700369	0.22540098396064157	1.0	0.9110826675199744	1.0	1.0	0.19603215871365146	0.24240409181586828	0	0.8111947201319967	0.5213419664508387	1.0	1.0	1.0	1.0	0.5012549623511294
C1/C93a	1587514	0.8047439051218975	0.8126956191314261	0.8360924586131208	0.8184945376365591	1.0	0.6022959655605166	1.0	1.0	0.8105747356316092	0.8380048598542044	0.8111947201319967	0	0.6285137148628513	1.0	0.6338236617633823	1.0	1.0	0.8178127328090079
C1/C3/C42.2	1586365	0.504839903201936	0.5598532044038679	0.6305455418168727	0.6003899902502438	1.0	0.6902146467802983	1.0	1.0	0.5671708207294818	0.631241062768117	0.5213419664508387	0.6285137148628513	0	1.0	1.0	1.0	1.0	0.6201756973645395
C15-C15ci-C15cj-C15n-C15ie-C15cf	1586753	1.0	1.0	0.7045744313835293	1.0	0.2458613120803188	1.0	0.25254121188182177	0.3176704698859034	1.0	1.0	1.0	1.0	1.0	0	0.5578644213557864	0.2908370916290837	0.23224151637725435	1.0
C15/C93a	1587534	1.0	1.0	0.7045744313835293	1.0	0.5696364554531682	0.6338254926176108	0.5800762988555171	0.5628731138065858	1.0	1.0	1.0	0.6338236617633823	1.0	0.5578644213557864	0	0.5543644563554364	0.567146492802608	1.0
C15-C15ci-C15cj-C15ch-C15cm	1585391	1.0	1.0	0.7045744313835293	1.0	0.4442983355249671	1.0	0.4465683014754779	0.408587742367729	1.0	1.0	1.0	1.0	1.0	0.2908370916290837	0.5543644563554364	0	0.3353499697504537	1.0
C15-C15ci-C15cc-C15n-C15cl-C15cj	1585393	1.0	1.0	0.7045759084818304	1.0	0.10894782104357913	1.0	0.33970320593588127	0.4367697130600429	1.0	1.0	1.0	1.0	1.0	0.23224151637725435	0.567146492802608	0.3353499697504537	0	1.0
C42dh/C1-C42.2-C1b-C42dz	1587322	0.5012524686882828	0.5108371207007755	0.5284994300113998	0.5364739057828265	1.0	1.0	1.0	1.0	0.5270641880743577	0.5900143494977675	0.5012549623511294	0.8178127328090079	0.6201756973645395	1.0	1.0	1.0	1.0	0
