31
1          0.0000000 0.0038194 0.0038326 0.0115256 0.0231798 0.0231798 0.0271384 0.0076706 0.0270848 0.0076507 0.0351720 0.0076524 0.0310912 0.0114961 0.0153919 0.0038221 0.0038130 0.0114936 0.0271093 0.0311232 0.0317087 0.0076973 0.0522367 0.0350770 0.0310297 0.0565150 0.0192864 0.0076711 0.0076447 0.0271093 0.0271570 
2          0.0038194 0.0000000 0.0000010 0.0076574 0.0192488 0.0192488 0.0231798 0.0038218 0.0231343 0.0038119 0.0311530 0.0038127 0.0271093 0.0076375 0.0115028 0.0076706 0.0076524 0.0076359 0.0231551 0.0271371 0.0276457 0.0038351 0.0480431 0.0310689 0.0270559 0.0522864 0.0153755 0.0115459 0.0115054 0.0231551 0.0231956 
4          0.0038326 0.0000010 0.0000000 0.0076840 0.0193155 0.0193155 0.0232611 0.0038351 0.0232153 0.0038252 0.0312633 0.0038260 0.0272047 0.0076640 0.0115433 0.0076973 0.0076789 0.0076623 0.0232363 0.0272327 0.0277449 0.0038351 0.0482181 0.0311786 0.0271509 0.0524779 0.0154285 0.0115864 0.0115460 0.0232363 0.0232770 
5          0.0115256 0.0076574 0.0076840 0.0000000 0.0271097 0.0271097 0.0310919 0.0115333 0.0310303 0.0115028 0.0391784 0.0115053 0.0350653 0.0153652 0.0038144 0.0154318 0.0153953 0.0153618 0.0310585 0.0351016 0.0357625 0.0115738 0.0564021 0.0390724 0.0349958 0.0607121 0.0232009 0.0193585 0.0192907 0.0310585 0.0311135 
517        0.0231798 0.0192488 0.0193155 0.0271097 0.0000000 0.0000010 0.0038124 0.0231956 0.0038049 0.0231343 0.0115271 0.0153610 0.0114929 0.0114929 0.0310303 0.0271570 0.0270911 0.0192317 0.0038083 0.0076511 0.0077924 0.0232770 0.0276425 0.0114968 0.0076287 0.0317344 0.0038083 0.0311463 0.0310370 0.0038083 0.0038148 
518        0.0231798 0.0192488 0.0193155 0.0271097 0.0000010 0.0000000 0.0037955 0.0231956 0.0038049 0.0231343 0.0115271 0.0153610 0.0114425 0.0114929 0.0310303 0.0271570 0.0270911 0.0192317 0.0038083 0.0076511 0.0077924 0.0232770 0.0276425 0.0114968 0.0076287 0.0317344 0.0038083 0.0311463 0.0310370 0.0037915 0.0038148 
519        0.0271384 0.0231798 0.0232611 0.0310919 0.0038124 0.0037955 0.0000000 0.0271570 0.0076368 0.0270848 0.0154232 0.0192682 0.0153095 0.0153773 0.0350333 0.0311463 0.0310702 0.0231590 0.0076435 0.0115160 0.0117306 0.0272528 0.0317049 0.0153826 0.0114827 0.0358298 0.0076435 0.0351645 0.0350407 0.0076100 0.0076566 
15         0.0076706 0.0038218 0.0038351 0.0115333 0.0231956 0.0231956 0.0271570 0.0000000 0.0271035 0.0076557 0.0351968 0.0076574 0.0311128 0.0115028 0.0154022 0.0115536 0.0115256 0.0115002 0.0271280 0.0311449 0.0317312 0.0000010 0.0522758 0.0351016 0.0310512 0.0565578 0.0192993 0.0154591 0.0154056 0.0271280 0.0271758 
6417       0.0270848 0.0231343 0.0232153 0.0310303 0.0038049 0.0038049 0.0076368 0.0271035 0.0000000 0.0270315 0.0153937 0.0192306 0.0153473 0.0153473 0.0349639 0.0310845 0.0310088 0.0231136 0.0076287 0.0114943 0.0117073 0.0271988 0.0316410 0.0153525 0.0114604 0.0357571 0.0076287 0.0350946 0.0349713 0.0076287 0.0076417 
20         0.0076507 0.0038119 0.0038252 0.0115028 0.0231343 0.0231343 0.0270848 0.0076557 0.0270315 0.0000000 0.0351020 0.0076375 0.0310297 0.0114737 0.0153618 0.0115231 0.0114961 0.0038085 0.0270559 0.0310616 0.0316448 0.0076823 0.0521296 0.0350074 0.0309684 0.0563985 0.0192488 0.0154177 0.0153652 0.0270559 0.0271035 
38811      0.0351720 0.0311530 0.0312633 0.0391784 0.0115271 0.0115271 0.0154232 0.0351968 0.0153937 0.0351020 0.0000000 0.0271904 0.0232490 0.0232490 0.0431639 0.0392473 0.0391505 0.0311246 0.0154075 0.0193466 0.0197086 0.0353219 0.0399558 0.0232571 0.0192886 0.0441531 0.0154075 0.0433269 0.0431728 0.0154075 0.0154337 
32         0.0076524 0.0038127 0.0038260 0.0115053 0.0153610 0.0153610 0.0192682 0.0076574 0.0192306 0.0076375 0.0271904 0.0000000 0.0231785 0.0038092 0.0153652 0.0115256 0.0114986 0.0114737 0.0192478 0.0232021 0.0236357 0.0076840 0.0439246 0.0271172 0.0231330 0.0481377 0.0115022 0.0154212 0.0153686 0.0192478 0.0192811 
38820      0.0310912 0.0271093 0.0272047 0.0350653 0.0114929 0.0114425 0.0153095 0.0311128 0.0153473 0.0310297 0.0232490 0.0231785 0.0000000 0.0192682 0.0390224 0.0351267 0.0350407 0.0270848 0.0153610 0.0192876 0.0196478 0.0312229 0.0317344 0.0231865 0.0192306 0.0358633 0.0114929 0.0391689 0.0390305 0.0076167 0.0153876 
1330       0.0114961 0.0076375 0.0076640 0.0153652 0.0114929 0.0114929 0.0153773 0.0115028 0.0153473 0.0114737 0.0232490 0.0038092 0.0192682 0.0000000 0.0192360 0.0153919 0.0153550 0.0076308 0.0153610 0.0192876 0.0196478 0.0115433 0.0398308 0.0231865 0.0192306 0.0440144 0.0076502 0.0193068 0.0192402 0.0153610 0.0153876 
326        0.0153919 0.0115028 0.0115433 0.0038144 0.0310303 0.0310303 0.0350333 0.0154022 0.0349639 0.0153618 0.0431639 0.0153652 0.0390224 0.0192360 0.0000000 0.0193196 0.0192735 0.0192317 0.0349958 0.0390629 0.0397999 0.0154557 0.0605285 0.0430471 0.0389448 0.0648645 0.0271097 0.0232663 0.0231851 0.0349958 0.0350579 
82         0.0038221 0.0076706 0.0076973 0.0154318 0.0271570 0.0271570 0.0311463 0.0115536 0.0310845 0.0115231 0.0392473 0.0115256 0.0351267 0.0153919 0.0193196 0.0000000 0.0076578 0.0153885 0.0311128 0.0351631 0.0358264 0.0115941 0.0565036 0.0391409 0.0350570 0.0608218 0.0232414 0.0038187 0.0115139 0.0311128 0.0311680 
33748      0.0038130 0.0076524 0.0076789 0.0153953 0.0270911 0.0270911 0.0310702 0.0115256 0.0310088 0.0114961 0.0391505 0.0114986 0.0350407 0.0153550 0.0192735 0.0076578 0.0000000 0.0153516 0.0310370 0.0350770 0.0357368 0.0115661 0.0563595 0.0390447 0.0349713 0.0606657 0.0231851 0.0115263 0.0038128 0.0310370 0.0310919 
214        0.0114936 0.0076359 0.0076623 0.0153618 0.0192317 0.0192317 0.0231590 0.0115002 0.0231136 0.0038085 0.0311246 0.0114737 0.0270848 0.0076308 0.0192317 0.0153885 0.0153516 0.0000000 0.0231343 0.0271126 0.0276202 0.0115408 0.0479977 0.0310407 0.0270315 0.0522367 0.0153618 0.0193025 0.0192359 0.0231343 0.0231748 
3419       0.0271093 0.0231551 0.0232363 0.0310585 0.0038083 0.0038083 0.0076435 0.0271280 0.0076287 0.0270559 0.0154075 0.0192478 0.0153610 0.0153610 0.0349958 0.0311128 0.0310370 0.0231343 0.0000000 0.0115036 0.0117179 0.0272235 0.0316703 0.0153662 0.0114706 0.0357905 0.0076354 0.0351267 0.0350032 0.0076354 0.0076485 
70877      0.0311232 0.0271371 0.0272327 0.0351016 0.0076511 0.0076511 0.0115160 0.0311449 0.0114943 0.0310616 0.0193466 0.0232021 0.0192876 0.0192876 0.0390629 0.0351631 0.0350770 0.0271126 0.0115036 0.0000000 0.0156956 0.0312552 0.0357949 0.0114866 0.0153628 0.0399544 0.0115036 0.0392097 0.0390710 0.0115036 0.0115237 
70878      0.0317087 0.0276457 0.0277449 0.0357625 0.0077924 0.0077924 0.0117306 0.0317312 0.0117073 0.0316448 0.0197086 0.0236357 0.0196478 0.0196478 0.0397999 0.0358264 0.0357368 0.0276202 0.0117179 0.0156956 0.0000000 0.0318456 0.0196647 0.0196547 0.0156482 0.0237031 0.0117179 0.0399523 0.0398084 0.0117179 0.0117385 
95         0.0076973 0.0038351 0.0038351 0.0115738 0.0232770 0.0232770 0.0272528 0.0000010 0.0271988 0.0076823 0.0353219 0.0076840 0.0312229 0.0115433 0.0154557 0.0115941 0.0115661 0.0115408 0.0272235 0.0312552 0.0318456 0.0000000 0.0524672 0.0352261 0.0311608 0.0567660 0.0193672 0.0155135 0.0154592 0.0272235 0.0272716 
70879      0.0522367 0.0480431 0.0482181 0.0564021 0.0276425 0.0276425 0.0317049 0.0522758 0.0316410 0.0521296 0.0399558 0.0439246 0.0317344 0.0398308 0.0605285 0.0565036 0.0563595 0.0479977 0.0316703 0.0357949 0.0196647 0.0524672 0.0000000 0.0398456 0.0356847 0.0038939 0.0316703 0.0607632 0.0605404 0.0316703 0.0235873 
70880      0.0350770 0.0310689 0.0311786 0.0390724 0.0114968 0.0114968 0.0153826 0.0351016 0.0153525 0.0350074 0.0232571 0.0271172 0.0231865 0.0231865 0.0430471 0.0391409 0.0390447 0.0310407 0.0153662 0.0114866 0.0196547 0.0352261 0.0398456 0.0000000 0.0192372 0.0440309 0.0153662 0.0432091 0.0430560 0.0153662 0.0153928 
70882      0.0310297 0.0270559 0.0271509 0.0349958 0.0076287 0.0076287 0.0114827 0.0310512 0.0114604 0.0309684 0.0192886 0.0231330 0.0192306 0.0192306 0.0389448 0.0350570 0.0349713 0.0270315 0.0114706 0.0153628 0.0156482 0.0311608 0.0356847 0.0192372 0.0000000 0.0398308 0.0114706 0.0390907 0.0389529 0.0114706 0.0114903 
70883      0.0565150 0.0522864 0.0524779 0.0607121 0.0317344 0.0317344 0.0358298 0.0565578 0.0357571 0.0563985 0.0441531 0.0481377 0.0358633 0.0440144 0.0648645 0.0608218 0.0606657 0.0522367 0.0357905 0.0399544 0.0237031 0.0567660 0.0038939 0.0440309 0.0398308 0.0000000 0.0357905 0.0651171 0.0648771 0.0357905 0.0276425 
869        0.0192864 0.0153755 0.0154285 0.0232009 0.0038083 0.0038083 0.0076435 0.0192993 0.0076287 0.0192488 0.0154075 0.0115022 0.0114929 0.0076502 0.0271097 0.0232414 0.0231851 0.0153618 0.0076354 0.0115036 0.0117179 0.0193672 0.0316703 0.0153662 0.0114706 0.0357905 0.0000000 0.0272108 0.0271156 0.0076354 0.0076485 
95462      0.0076711 0.0115459 0.0115864 0.0193585 0.0311463 0.0311463 0.0351645 0.0154591 0.0350946 0.0154177 0.0433269 0.0154212 0.0391689 0.0193068 0.0232663 0.0038187 0.0115263 0.0193025 0.0351267 0.0392097 0.0399523 0.0155135 0.0607632 0.0432091 0.0390907 0.0651171 0.0272108 0.0000000 0.0154065 0.0351267 0.0351893 
483824     0.0076447 0.0115054 0.0115460 0.0192907 0.0310370 0.0310370 0.0350407 0.0154056 0.0349713 0.0153652 0.0431728 0.0153686 0.0390305 0.0192402 0.0231851 0.0115139 0.0038128 0.0192359 0.0350032 0.0390710 0.0398084 0.0154592 0.0605404 0.0430560 0.0389529 0.0648771 0.0271156 0.0154065 0.0000000 0.0350032 0.0350653 
21364      0.0271093 0.0231551 0.0232363 0.0310585 0.0038083 0.0037915 0.0076100 0.0271280 0.0076287 0.0270559 0.0154075 0.0192478 0.0076167 0.0153610 0.0349958 0.0311128 0.0310370 0.0231343 0.0076354 0.0115036 0.0117179 0.0272235 0.0316703 0.0153662 0.0114706 0.0357905 0.0076354 0.0351267 0.0350032 0.0000000 0.0076485 
21365      0.0271570 0.0231956 0.0232770 0.0311135 0.0038148 0.0038148 0.0076566 0.0271758 0.0076417 0.0271035 0.0154337 0.0192811 0.0153876 0.0153876 0.0350579 0.0311680 0.0310919 0.0231748 0.0076485 0.0115237 0.0117385 0.0272716 0.0235873 0.0153928 0.0114903 0.0276425 0.0076485 0.0351893 0.0350653 0.0076485 0.0000000 
