26	256424	0	0.13283405133175596	0.2584043456388114	0.22589579844451754	0.23123551645784338	0.16756867525731559	0.1378606080095661	0.2035906427031877	0.18118210168595966	0.2723405584694234	0.18532192059809507	0.2107285520320729	0.1139612982495145	0.24580190442397779	0.12485315864604016	0.19606905994533616	0.9783613871425674	0.9703918497039187	0.9357513727540994	0.984373265238148	1.0	0.9487485101311085	0.9767445773806519	1.0	1.0	0.9905175640574846	1.0	1.0	1.0	1.0	1.0	1.0	1.0	1.0	1.0	1.0	0.977546010568215	1.0	1.0	1.0	1.0	1.0	1.0	1.0	1.0	1.0	1.0	0.9915745435000508	1.0	0.832617020920782	0.9749276759884283	1.0	1.0	1.0	1.0	1.0	1.0	1.0	1.0	1.0	1.0	1.0	1.0	1.0	1.0	1.0	1.0	1.0	1.0	1.0	1.0	1.0	1.0	1.0	1.0	1.0	1.0	0.9705021357947248	1.0	1.0	1.0	1.0	1.0	1.0	1.0	0.9857533278605053	0.9911750689314771	1.0	1.0	1.0	1.0	1.0	1.0	0.989616525104287	0.9857981821673175	1.0	1.0	1.0	1.0	1.0	1.0	1.0	1.0	1.0	1.0	1.0	1.0	1.0	1.0	1.0	1.0	0.990872210953347	0.9689131002087683	0.9881616739655117	0.9831034349023308	1.0	1.0	1.0	1.0	1.0	1.0	1.0	1.0	1.0	1.0	1.0	1.0	1.0	1.0	1.0	0.9673475324297546	0.9825135702462526	1.0	1.0	1.0	1.0	1.0	1.0	1.0	1.0	1.0	1.0	1.0	0.9871723755373734	1.0	1.0	1.0	1.0	1.0	1.0	1.0	0.9826932404427003	0.9829873267912619	1.0	1.0	1.0	1.0	1.0	1.0	1.0	1.0	1.0	0.9858581895412015	0.9904335355056846	0.9917127071823204	0.9846351773571034	1.0	0.9815504701082136	1.0	0.9874257055710274	1.0	1.0	1.0	0.9778168562583578	1.0	1.0	0.971956345998383	1.0	1.0	1.0	1.0	1.0	1.0	0.9861279210501817	1.0	1.0	0.9880165740915551	0.978658504406565	1.0	1.0	1.0	1.0	1.0
27	256425	0.13283405133175596	0	0.26495847014846735	0.2395593317780144	0.1340284755829343	0.1559960875077928	0.13549544529491286	0.22658798157884358	0.20855794930897573	0.27832466799432404	0.16604353924725937	0.19140681524199926	0.17038816683603078	0.256530845574505	0.14203481047683217	0.1894726805722115	0.9414390325180507	0.9334694950794019	0.8661257197843588	0.9474509106136316	0.9630776453754833	0.8886431406668429	0.9398222227561354	0.9630776453754833	0.9630776453754833	0.9535952094329679	0.9630776453754836	0.9630776453754836	0.9630776453754836	0.9630776453754833	0.9630776453754833	0.9630776453754832	0.9630776453754836	0.9630776453754836	0.9630776453754833	0.9630776453754833	0.9339387745934078	0.9630776453754836	0.9630776453754836	0.9630776453754836	0.9630776453754833	0.9630776453754836	0.9630776453754836	0.9630776453754836	0.9630776453754836	0.9630776453754836	0.9630776453754836	0.9546521888755344	0.9630776453754836	0.7543903771667896	0.9380053213639118	0.9630776453754833	0.9630776453754836	0.9630776453754836	0.9630776453754836	0.9630776453754836	0.9630776453754836	0.9630776453754833	0.9630776453754833	0.9630776453754833	0.9630776453754833	0.9630776453754836	0.9630776453754833	0.9630776453754836	0.9630776453754836	0.9630776453754836	0.9630776453754836	0.9630776453754836	0.9630776453754833	0.9630776453754836	0.9630776453754833	0.9630776453754833	0.9630776453754833	0.9630776453754836	0.9630776453754833	0.9630776453754836	0.9630776453754836	0.9237670739383775	0.9630776453754833	0.9630776453754836	0.9630776453754833	0.9630776453754833	0.9630776453754833	0.9630776453754836	0.9630776453754836	0.9488309732359886	0.9542527143069605	0.9630776453754833	0.9630776453754836	0.9630776453754836	0.9630776453754836	0.9630776453754836	0.9630776453754833	0.9526941704797706	0.9488758275428009	0.9630776453754836	0.9630776453754836	0.9630776453754833	0.9630776453754836	0.9630776453754836	0.9630776453754833	0.9630776453754833	0.9630776453754836	0.9630776453754833	0.9630776453754833	0.9630776453754836	0.9630776453754833	0.9630776453754833	0.9630776453754833	0.9630776453754833	0.9630776453754836	0.9539498563288303	0.921421852056068	0.9512393193409951	0.9461810802778143	0.9630776453754833	0.9630776453754833	0.9630776453754836	0.9630776453754836	0.9630776453754836	0.9630776453754836	0.9630776453754836	0.9630776453754833	0.9630776453754836	0.9630776453754833	0.9630776453754833	0.9630776453754836	0.9630776453754836	0.9630776453754836	0.9630776453754836	0.9304251778052381	0.9455912156217361	0.9630776453754836	0.9630776453754836	0.9630776453754836	0.9630776453754836	0.9630776453754836	0.9630776453754836	0.9630776453754833	0.9630776453754833	0.9630776453754836	0.9630776453754836	0.9630776453754833	0.9502500209128572	0.9630776453754833	0.9630776453754836	0.9630776453754836	0.9630776453754833	0.9630776453754836	0.9630776453754836	0.9630776453754836	0.9457708858181839	0.9460649721667452	0.9630776453754836	0.9630776453754836	0.9630776453754833	0.9630776453754836	0.9630776453754836	0.9630776453754836	0.9630776453754836	0.9630776453754836	0.9630776453754833	0.9489358349166851	0.953511180881168	0.9547903525578039	0.947712822732587	0.9630776453754836	0.944628115483697	0.9630776453754836	0.9505033509465107	0.9630776453754836	0.9630776453754833	0.9630776453754836	0.940894501633841	0.9630776453754833	0.9630776453754833	0.9239022209615788	0.9630776453754833	0.9630776453754836	0.9630776453754836	0.9630776453754836	0.9630776453754836	0.9630776453754836	0.949205566425665	0.9630776453754836	0.9630776453754836	0.9510942194670384	0.9417361497820486	0.9630776453754833	0.9630776453754836	0.9630776453754836	0.9630776453754836	0.9630776453754836
43	256426	0.2584043456388114	0.26495847014846735	0	0.06325211174928107	0.19072260783374292	0.20277394405374197	0.2362462783619118	0.28499054790193534	0.1531010470601327	0.042482861691452996	0.16589479542399838	0.26332197001141033	0.2145494727515112	0.08962882079582819	0.2238163801782256	0.17975512055062784	0.9783613871425674	0.9703918497039186	0.9357513727540998	0.984373265238148	1.0	0.9487485101311084	0.9822302993588774	1.0	1.0	0.9905175640574846	1.0	1.0	1.0	1.0	1.0	1.0	1.0	1.0	1.0	1.0	0.977546010568215	1.0	1.0	1.0	1.0	1.0	1.0	1.0	1.0	1.0	1.0	0.991574543500051	1.0	0.8432857000575519	0.974927675988428	1.0	1.0	1.0	1.0	1.0	1.0	1.0	1.0	1.0	1.0	1.0	1.0	1.0	1.0	1.0	1.0	1.0	1.0	1.0	1.0	1.0	1.0	1.0	1.0	1.0	1.0	0.9705021357947248	1.0	1.0	1.0	1.0	1.0	1.0	1.0	0.9857533278605053	0.9911750689314771	1.0	1.0	1.0	1.0	1.0	1.0	0.9896165251042869	0.9857981821673173	1.0	1.0	1.0	1.0	1.0	1.0	1.0	1.0	1.0	1.0	1.0	1.0	1.0	1.0	1.0	1.0	0.9908722109533468	0.9689131002087683	0.9881616739655116	0.9831034349023307	1.0	1.0	1.0	1.0	1.0	1.0	1.0	1.0	1.0	1.0	1.0	1.0	1.0	1.0	1.0	0.9673475324297546	0.9825135702462526	1.0	1.0	1.0	1.0	1.0	1.0	1.0	1.0	1.0	1.0	1.0	0.9871723755373734	1.0	1.0	1.0	1.0	1.0	1.0	1.0	0.9826932404427003	0.9829873267912619	1.0	1.0	1.0	1.0	1.0	1.0	1.0	1.0	1.0	0.9858581895412015	0.9904335355056846	0.9917127071823204	0.9846351773571036	1.0	0.9815504701082136	1.0	0.9874257055710274	1.0	1.0	1.0	0.9778168562583576	1.0	1.0	0.9719563459983834	1.0	1.0	1.0	1.0	1.0	1.0	0.9861279210501817	1.0	1.0	0.9880165740915549	0.978658504406565	1.0	1.0	1.0	1.0	1.0
44	256427	0.22589579844451754	0.2395593317780144	0.06325211174928107	0	0.16456342587555112	0.18013569715331748	0.20519690066595486	0.25801970332852797	0.1330198838316886	0.07298467457990347	0.1438287988961998	0.2556528910883796	0.18559595070217538	0.08910118666283898	0.19301118119240776	0.15406138806824254	0.9783613871425674	0.9703918497039186	0.9357513727540996	0.984373265238148	1.0	0.9487485101311086	0.9822302993588774	1.0	1.0	0.9905175640574846	1.0	1.0	1.0	1.0	1.0	1.0	1.0	1.0	1.0	1.0	0.9775460105682149	1.0	1.0	1.0	1.0	1.0	1.0	1.0	1.0	1.0	1.0	0.9915745435000508	1.0	0.8370963675125298	0.9749276759884282	1.0	1.0	1.0	1.0	1.0	1.0	1.0	1.0	1.0	1.0	1.0	1.0	1.0	1.0	1.0	1.0	1.0	1.0	1.0	1.0	1.0	1.0	1.0	1.0	1.0	1.0	0.9705021357947249	1.0	1.0	1.0	1.0	1.0	1.0	1.0	0.9857533278605052	0.9911750689314769	1.0	1.0	1.0	1.0	1.0	1.0	0.9896165251042872	0.9857981821673175	1.0	1.0	1.0	1.0	1.0	1.0	1.0	1.0	1.0	1.0	1.0	1.0	1.0	1.0	1.0	1.0	0.9908722109533468	0.9689131002087683	0.9881616739655116	0.983103434902331	1.0	1.0	1.0	1.0	1.0	1.0	1.0	1.0	1.0	1.0	1.0	1.0	1.0	1.0	1.0	0.9673475324297546	0.9825135702462526	1.0	1.0	1.0	1.0	1.0	1.0	1.0	1.0	1.0	1.0	1.0	0.9871723755373736	1.0	1.0	1.0	1.0	1.0	1.0	1.0	0.9826932404427003	0.9829873267912619	1.0	1.0	1.0	1.0	1.0	1.0	1.0	1.0	1.0	0.9858581895412015	0.9904335355056846	0.9917127071823204	0.9846351773571034	1.0	0.9815504701082136	1.0	0.9874257055710272	1.0	1.0	1.0	0.9778168562583576	1.0	1.0	0.9719563459983834	1.0	1.0	1.0	1.0	1.0	1.0	0.9861279210501814	1.0	1.0	0.9880165740915551	0.978658504406565	1.0	1.0	1.0	1.0	1.0
233	256428	0.23123551645784338	0.1340284755829343	0.19072260783374292	0.16456342587555112	0	0.18178183800465253	0.1850146073937656	0.31007187943618647	0.16780895905070403	0.20198034312592836	0.12522994010874566	0.2286383988349229	0.22062059974146842	0.19251686490534822	0.19671744348209963	0.16723832431618924	0.9357452478297771	0.927775710391128	0.860431935096085	0.9417571259253579	0.9573838606872097	0.882949355978569	0.9343061774058007	0.9573838606872097	0.9573838606872097	0.9479014247446941	0.9573838606872097	0.9573838606872096	0.9573838606872097	0.9573838606872097	0.9573838606872097	0.9573838606872097	0.9573838606872097	0.9573838606872097	0.9573838606872096	0.9573838606872097	0.9282449899051342	0.9573838606872097	0.9573838606872097	0.9573838606872097	0.9573838606872097	0.9573838606872097	0.9573838606872096	0.9573838606872097	0.9573838606872097	0.9573838606872096	0.9573838606872096	0.9489584041872604	0.9573838606872097	0.7525408083601699	0.9323115366756377	0.9573838606872097	0.9573838606872097	0.9573838606872097	0.9573838606872096	0.9573838606872097	0.9573838606872097	0.9573838606872097	0.9573838606872097	0.9573838606872097	0.9573838606872097	0.9573838606872097	0.9573838606872097	0.9573838606872097	0.9573838606872096	0.9573838606872097	0.9573838606872097	0.9573838606872096	0.9573838606872096	0.949957340335281	0.9573838606872097	0.9573838606872097	0.9573838606872097	0.9573838606872097	0.9573838606872097	0.9573838606872097	0.9573838606872097	0.9180732892501037	0.9573838606872097	0.9573838606872097	0.9573838606872097	0.9573838606872097	0.9573838606872097	0.9573838606872097	0.9573838606872097	0.9431371885477147	0.9485589296186867	0.9573838606872097	0.9573838606872096	0.9573838606872096	0.9573838606872097	0.9573838606872097	0.9573838606872097	0.9470003857914969	0.943182042854527	0.9573838606872096	0.9573838606872097	0.9573838606872097	0.9573838606872097	0.9573838606872097	0.9573838606872096	0.9573838606872097	0.9573838606872097	0.9573838606872096	0.9573838606872097	0.9573838606872097	0.9573838606872097	0.9573838606872097	0.9573838606872097	0.9573838606872097	0.9573838606872096	0.9482560716405566	0.9157280673677943	0.9455455346527213	0.9404872955895407	0.9573838606872097	0.9573838606872097	0.9573838606872097	0.9573838606872097	0.9573838606872097	0.9573838606872097	0.9573838606872097	0.9573838606872097	0.9573838606872097	0.9573838606872096	0.9573838606872097	0.9573838606872097	0.9573838606872097	0.9573838606872097	0.9573838606872097	0.9247313931169642	0.9398974309334622	0.9573838606872097	0.9573838606872097	0.9573838606872097	0.9573838606872097	0.9573838606872097	0.9573838606872097	0.9573838606872096	0.9573838606872096	0.9573838606872096	0.9573838606872097	0.9573838606872096	0.9445562362245833	0.9573838606872096	0.9573838606872097	0.9573838606872097	0.9573838606872096	0.9573838606872096	0.9573838606872097	0.9573838606872097	0.94007710112991	0.9403711874784715	0.9573838606872097	0.9573838606872097	0.9573838606872097	0.9573838606872097	0.9573838606872097	0.9573838606872097	0.9573838606872097	0.9573838606872096	0.9573838606872097	0.943242050228411	0.9478173961928944	0.9490965678695302	0.9420190380443131	0.9573838606872097	0.9389343307954233	0.9573838606872097	0.9448095662582369	0.9573838606872097	0.9573838606872096	0.9573838606872097	0.9352007169455675	0.9573838606872097	0.9573838606872097	0.9102779593129173	0.9573838606872097	0.9573838606872097	0.9573838606872096	0.9573838606872096	0.9573838606872097	0.9573838606872097	0.9435117817373914	0.9573838606872097	0.9573838606872097	0.9454004347787648	0.9360423650937748	0.9573838606872097	0.9573838606872096	0.9573838606872097	0.9573838606872097	0.9573838606872096
234	256429	0.16756867525731559	0.1559960875077928	0.20277394405374197	0.18013569715331748	0.18178183800465253	0	0.09069458428346823	0.27197492423903946	0.15225001106453873	0.214402053630181	0.17369118591714092	0.21775462167533965	0.10586839237282325	0.20833247560693116	0.08771966389786333	0.10404279710973638	0.9783613871425674	0.9703918497039186	0.9357513727540996	0.984373265238148	1.0	0.9487485101311085	0.9822302993588772	1.0	1.0	0.9905175640574844	1.0	1.0	1.0	1.0	1.0	1.0	1.0	1.0	1.0	1.0	0.977546010568215	1.0	1.0	1.0	1.0	1.0	1.0	1.0	1.0	1.0	1.0	0.9915745435000508	1.0	0.8268310625486168	0.9749276759884282	1.0	1.0	1.0	1.0	1.0	1.0	1.0	1.0	1.0	1.0	1.0	1.0	1.0	1.0	1.0	1.0	1.0	1.0	1.0	1.0	1.0	1.0	1.0	1.0	1.0	1.0	0.9705021357947248	1.0	1.0	1.0	1.0	1.0	1.0	1.0	0.9857533278605053	0.9911750689314769	1.0	1.0	1.0	1.0	1.0	1.0	0.9896165251042872	0.9857981821673175	1.0	1.0	1.0	1.0	1.0	1.0	1.0	1.0	1.0	1.0	1.0	1.0	1.0	1.0	1.0	1.0	0.990872210953347	0.9689131002087683	0.9881616739655117	0.9831034349023308	1.0	1.0	1.0	1.0	1.0	1.0	1.0	1.0	1.0	1.0	1.0	1.0	1.0	1.0	1.0	0.9673475324297546	0.9825135702462525	1.0	1.0	1.0	1.0	1.0	1.0	1.0	1.0	1.0	1.0	1.0	0.9871723755373734	1.0	1.0	1.0	1.0	1.0	1.0	1.0	0.9826932404427003	0.9829873267912619	1.0	1.0	1.0	1.0	1.0	1.0	1.0	1.0	1.0	0.9858581895412015	0.9904335355056846	0.9917127071823204	0.9846351773571034	1.0	0.9815504701082136	1.0	0.9874257055710274	1.0	1.0	1.0	0.9778168562583576	1.0	1.0	0.9719563459983831	1.0	1.0	1.0	1.0	1.0	1.0	0.9861279210501814	1.0	1.0	0.9880165740915549	0.978658504406565	1.0	1.0	1.0	1.0	1.0
235	256430	0.1378606080095661	0.13549544529491286	0.2362462783619118	0.20519690066595486	0.1850146073937656	0.09069458428346823	0	0.2632854595764102	0.16440551685659996	0.24871678878501866	0.179174558085118	0.2332483157757506	0.07153931631534997	0.23239941238118292	0.04338754775415159	0.11694613693138314	0.9783613871425674	0.9703918497039186	0.9357513727540995	0.984373265238148	1.0	0.9487485101311086	0.9822302993588772	1.0	1.0	0.9905175640574846	1.0	1.0	1.0	1.0	1.0	1.0	1.0	1.0	1.0	1.0	0.977546010568215	1.0	1.0	1.0	1.0	1.0	1.0	1.0	1.0	1.0	1.0	0.9915745435000508	1.0	0.8265130357710253	0.9749276759884282	1.0	1.0	1.0	1.0	1.0	1.0	1.0	1.0	1.0	1.0	1.0	1.0	1.0	1.0	1.0	1.0	1.0	1.0	1.0	1.0	1.0	1.0	1.0	1.0	1.0	1.0	0.9705021357947248	1.0	1.0	1.0	1.0	1.0	1.0	1.0	0.9857533278605053	0.9911750689314769	1.0	1.0	1.0	1.0	1.0	1.0	0.9896165251042872	0.9857981821673175	1.0	1.0	1.0	1.0	1.0	1.0	1.0	1.0	1.0	1.0	1.0	1.0	1.0	1.0	1.0	1.0	0.990872210953347	0.9689131002087684	0.9881616739655116	0.9831034349023308	1.0	1.0	1.0	1.0	1.0	1.0	1.0	1.0	1.0	1.0	1.0	1.0	1.0	1.0	1.0	0.9673475324297546	0.9825135702462526	1.0	1.0	1.0	1.0	1.0	1.0	1.0	1.0	1.0	1.0	1.0	0.9871723755373736	1.0	1.0	1.0	1.0	1.0	1.0	1.0	0.9826932404427003	0.9829873267912619	1.0	1.0	1.0	1.0	1.0	1.0	1.0	1.0	1.0	0.9858581895412015	0.9904335355056846	0.9917127071823204	0.9846351773571034	1.0	0.9815504701082136	1.0	0.9874257055710274	1.0	1.0	1.0	0.9778168562583576	1.0	1.0	0.9719563459983834	1.0	1.0	1.0	1.0	1.0	1.0	0.9861279210501812	1.0	1.0	0.9880165740915549	0.9786585044065647	1.0	1.0	1.0	1.0	1.0
236	256431	0.2035906427031877	0.22658798157884358	0.28499054790193534	0.25801970332852797	0.31007187943618647	0.27197492423903946	0.2632854595764102	0	0.24185589347254596	0.2926199407694017	0.23761861936550605	0.2398468782378093	0.21959739734864717	0.26365804296540435	0.24287630807321303	0.3023935610765305	0.9783613871425674	0.9703918497039186	0.9357513727540996	0.984373265238148	1.0	0.9487485101311085	0.9767445773806519	1.0	1.0	0.9905175640574844	1.0	1.0	1.0	1.0	1.0	1.0	1.0	1.0	1.0	1.0	0.977546010568215	1.0	1.0	1.0	1.0	1.0	1.0	1.0	1.0	1.0	1.0	0.9915745435000506	1.0	0.8265130357710252	0.9749276759884282	1.0	1.0	1.0	1.0	1.0	1.0	1.0	1.0	1.0	1.0	1.0	1.0	1.0	1.0	1.0	1.0	1.0	1.0	1.0	1.0	1.0	1.0	1.0	1.0	1.0	1.0	0.9705021357947248	1.0	1.0	1.0	1.0	1.0	1.0	1.0	0.9857533278605053	0.9911750689314771	1.0	1.0	1.0	1.0	1.0	1.0	0.9896165251042872	0.9857981821673176	1.0	1.0	1.0	1.0	1.0	1.0	1.0	1.0	1.0	1.0	1.0	1.0	1.0	1.0	1.0	1.0	0.9908722109533468	0.9689131002087683	0.9881616739655116	0.983103434902331	1.0	1.0	1.0	1.0	1.0	1.0	1.0	1.0	1.0	1.0	1.0	1.0	1.0	1.0	1.0	0.9673475324297546	0.9825135702462526	1.0	1.0	1.0	1.0	1.0	1.0	1.0	1.0	1.0	1.0	1.0	0.9871723755373736	1.0	1.0	1.0	1.0	1.0	1.0	1.0	0.9826932404427003	0.9829873267912619	1.0	1.0	1.0	1.0	1.0	1.0	1.0	1.0	1.0	0.9858581895412015	0.9904335355056846	0.9917127071823204	0.9846351773571037	1.0	0.9815504701082138	1.0	0.9874257055710272	1.0	1.0	1.0	0.9778168562583576	1.0	1.0	0.971956345998383	1.0	1.0	1.0	1.0	1.0	1.0	0.9861279210501817	1.0	1.0	0.9880165740915549	0.978658504406565	1.0	1.0	1.0	1.0	1.0
237	256432	0.18118210168595966	0.20855794930897573	0.1531010470601327	0.1330198838316886	0.16780895905070403	0.15225001106453873	0.16440551685659996	0.24185589347254596	0	0.15785503845830862	0.07940696657527499	0.2604333288798667	0.13371347217891924	0.1029934509958467	0.1484439618167161	0.15103063815464865	0.9783613871425674	0.9703918497039186	0.9357513727540996	0.984373265238148	1.0	0.9487485101311085	0.9822302993588772	1.0	1.0	0.9905175640574844	1.0	1.0	1.0	1.0	1.0	1.0	1.0	1.0	1.0	1.0	0.9775460105682149	1.0	1.0	1.0	1.0	1.0	1.0	1.0	1.0	1.0	1.0	0.9915745435000506	1.0	0.8368434550855489	0.9749276759884282	1.0	1.0	1.0	1.0	1.0	1.0	1.0	1.0	1.0	1.0	1.0	1.0	1.0	1.0	1.0	1.0	1.0	1.0	1.0	1.0	1.0	1.0	1.0	1.0	1.0	1.0	0.9705021357947248	1.0	1.0	1.0	1.0	1.0	1.0	1.0	0.9857533278605053	0.9911750689314771	1.0	1.0	1.0	1.0	1.0	1.0	0.989616525104287	0.9857981821673176	1.0	1.0	1.0	1.0	1.0	1.0	1.0	1.0	1.0	1.0	1.0	1.0	1.0	1.0	1.0	1.0	0.990872210953347	0.9689131002087683	0.9881616739655117	0.9831034349023308	1.0	1.0	1.0	1.0	1.0	1.0	1.0	1.0	1.0	1.0	1.0	1.0	1.0	1.0	1.0	0.9673475324297546	0.9825135702462525	1.0	1.0	1.0	1.0	1.0	1.0	1.0	1.0	1.0	1.0	1.0	0.9871723755373736	1.0	1.0	1.0	1.0	1.0	1.0	1.0	0.9826932404427003	0.9829873267912619	1.0	1.0	1.0	1.0	1.0	1.0	1.0	1.0	1.0	0.9858581895412015	0.9904335355056846	0.9917127071823204	0.9846351773571036	1.0	0.9815504701082136	1.0	0.9874257055710272	1.0	1.0	1.0	0.9778168562583576	1.0	1.0	0.9719563459983834	1.0	1.0	1.0	1.0	1.0	1.0	0.9861279210501817	1.0	1.0	0.9880165740915549	0.978658504406565	1.0	1.0	1.0	1.0	1.0
238	256433	0.2723405584694234	0.27832466799432404	0.042482861691452996	0.07298467457990347	0.20198034312592836	0.214402053630181	0.24871678878501866	0.2926199407694017	0.15785503845830862	0	0.17323802964120927	0.2793411148180027	0.2274773381235725	0.09013160730938276	0.2366980775738029	0.1896666814450977	0.9783613871425674	0.9703918497039183	0.9357513727540996	0.984373265238148	1.0	0.9487485101311085	0.9822302993588774	1.0	1.0	0.9905175640574844	1.0	1.0	1.0	1.0	1.0	1.0	1.0	1.0	1.0	1.0	0.977546010568215	1.0	1.0	1.0	1.0	1.0	1.0	1.0	1.0	1.0	1.0	0.9915745435000506	1.0	0.842136906917262	0.974927675988428	1.0	1.0	1.0	1.0	1.0	1.0	1.0	1.0	1.0	1.0	1.0	1.0	1.0	1.0	1.0	1.0	1.0	1.0	1.0	1.0	1.0	1.0	1.0	1.0	1.0	1.0	0.9705021357947248	1.0	1.0	1.0	1.0	1.0	1.0	1.0	0.9857533278605053	0.9911750689314769	1.0	1.0	1.0	1.0	1.0	1.0	0.9896165251042872	0.9857981821673175	1.0	1.0	1.0	1.0	1.0	1.0	1.0	1.0	1.0	1.0	1.0	1.0	1.0	1.0	1.0	1.0	0.990872210953347	0.9689131002087683	0.9881616739655116	0.983103434902331	1.0	1.0	1.0	1.0	1.0	1.0	1.0	1.0	1.0	1.0	1.0	1.0	1.0	1.0	1.0	0.9673475324297544	0.9825135702462525	1.0	1.0	1.0	1.0	1.0	1.0	1.0	1.0	1.0	1.0	1.0	0.9871723755373732	1.0	1.0	1.0	1.0	1.0	1.0	1.0	0.9826932404427003	0.9829873267912619	1.0	1.0	1.0	1.0	1.0	1.0	1.0	1.0	1.0	0.9858581895412015	0.9904335355056846	0.9917127071823204	0.9846351773571034	1.0	0.9815504701082136	1.0	0.9874257055710274	1.0	1.0	1.0	0.9778168562583576	1.0	1.0	0.971956345998383	1.0	1.0	1.0	1.0	1.0	1.0	0.9861279210501814	1.0	1.0	0.9880165740915549	0.978658504406565	1.0	1.0	1.0	1.0	1.0
239	256434	0.18532192059809507	0.16604353924725937	0.16589479542399838	0.1438287988961998	0.12522994010874566	0.17369118591714092	0.179174558085118	0.23761861936550605	0.07940696657527499	0.17323802964120927	0	0.2254315252666981	0.1581376011136089	0.13241798756192216	0.1679733220745949	0.17234424784321797	0.9537039368148224	0.9457343993761735	0.8848059406769724	0.959715814910403	0.975342549672255	0.9025518871548615	0.9575728490311323	0.975342549672255	0.975342549672255	0.9658601137297393	0.975342549672255	0.975342549672255	0.975342549672255	0.975342549672255	0.975342549672255	0.975342549672255	0.975342549672255	0.975342549672255	0.975342549672255	0.975342549672255	0.9462036788901792	0.975342549672255	0.975342549672255	0.975342549672255	0.975342549672255	0.975342549672255	0.975342549672255	0.975342549672255	0.975342549672255	0.975342549672255	0.975342549672255	0.9669170931723058	0.975342549672255	0.7851252741655389	0.9502702256606832	0.9753425496722552	0.975342549672255	0.975342549672255	0.975342549672255	0.9753425496722552	0.975342549672255	0.975342549672255	0.975342549672255	0.975342549672255	0.975342549672255	0.975342549672255	0.975342549672255	0.975342549672255	0.975342549672255	0.975342549672255	0.975342549672255	0.975342549672255	0.975342549672255	0.975342549672255	0.975342549672255	0.975342549672255	0.975342549672255	0.975342549672255	0.975342549672255	0.975342549672255	0.975342549672255	0.9360319782351489	0.975342549672255	0.975342549672255	0.975342549672255	0.975342549672255	0.975342549672255	0.9753425496722552	0.975342549672255	0.96109587753276	0.9665176186037321	0.975342549672255	0.975342549672255	0.975342549672255	0.9753425496722552	0.975342549672255	0.9753425496722552	0.9649590747765422	0.9611407318395724	0.975342549672255	0.975342549672255	0.975342549672255	0.9753425496722552	0.975342549672255	0.975342549672255	0.975342549672255	0.975342549672255	0.975342549672255	0.975342549672255	0.975342549672255	0.975342549672255	0.975342549672255	0.975342549672255	0.975342549672255	0.975342549672255	0.966214760625602	0.9336867563528394	0.9635042236377666	0.958445984574586	0.975342549672255	0.975342549672255	0.9753425496722548	0.975342549672255	0.975342549672255	0.975342549672255	0.975342549672255	0.975342549672255	0.975342549672255	0.9753425496722552	0.975342549672255	0.975342549672255	0.975342549672255	0.975342549672255	0.975342549672255	0.9426900821020093	0.9578561199185076	0.975342549672255	0.975342549672255	0.9753425496722552	0.975342549672255	0.975342549672255	0.975342549672255	0.975342549672255	0.975342549672255	0.975342549672255	0.975342549672255	0.975342549672255	0.9625149252096286	0.975342549672255	0.975342549672255	0.975342549672255	0.975342549672255	0.975342549672255	0.975342549672255	0.975342549672255	0.9580357901149553	0.9583298764635169	0.975342549672255	0.975342549672255	0.975342549672255	0.975342549672255	0.975342549672255	0.975342549672255	0.975342549672255	0.975342549672255	0.975342549672255	0.9612007392134565	0.9657760851779396	0.9670552568545754	0.9599777270293584	0.975342549672255	0.9568930197804686	0.9753425496722552	0.9627682552432824	0.975342549672255	0.975342549672255	0.975342549672255	0.9531594059306125	0.975342549672255	0.975342549672255	0.9361671252583503	0.975342549672255	0.975342549672255	0.975342549672255	0.975342549672255	0.975342549672255	0.975342549672255	0.9614704707224364	0.975342549672255	0.975342549672255	0.96335912376381	0.95400105407882	0.975342549672255	0.975342549672255	0.975342549672255	0.975342549672255	0.975342549672255
240	256435	0.2107285520320729	0.19140681524199926	0.26332197001141033	0.2556528910883796	0.2286383988349229	0.21775462167533965	0.2332483157757506	0.2398468782378093	0.2604333288798667	0.2793411148180027	0.2254315252666981	0	0.22747010572397167	0.2851103568574257	0.21484293141451044	0.26011832061804135	0.9221340113519633	0.9141644739133142	0.8699221904486055	0.9332574690648715	0.9439791877024991	0.8880189665610094	0.9256287812073751	0.9488842038267233	0.9438853911931444	0.9394017678842079	0.9437726242093957	0.9437726242093959	0.9488842038267233	0.9488842038267233	0.9488842038267233	0.9437726242093957	0.9437726242093957	0.9437726242093957	0.9488842038267236	0.9488842038267233	0.9146337534273201	0.9488842038267236	0.9488842038267233	0.9488842038267233	0.9442057479829731	0.9488842038267233	0.9488842038267233	0.9488842038267234	0.9488842038267233	0.9488842038267233	0.9488842038267233	0.9404587473267743	0.9488842038267233	0.765353085096774	0.9238118798151516	0.9488842038267233	0.9488842038267233	0.9488842038267233	0.9488842038267233	0.9488842038267233	0.9488842038267233	0.9488842038267233	0.9488842038267233	0.9488842038267233	0.9488842038267234	0.9488842038267233	0.9488842038267233	0.9488842038267233	0.9488842038267233	0.9488842038267233	0.9488842038267233	0.9488842038267233	0.9488842038267233	0.9488842038267234	0.9488842038267233	0.9488842038267233	0.9488842038267233	0.9488842038267233	0.9488842038267233	0.9488842038267236	0.9488842038267233	0.9095736323896173	0.9488842038267233	0.9442048045214184	0.9488842038267236	0.9488842038267233	0.9488842038267233	0.9488842038267236	0.9488842038267233	0.9346375316872286	0.9400592727582004	0.9488842038267233	0.9488842038267233	0.9488842038267233	0.9488842038267233	0.9488842038267232	0.9488842038267233	0.9385007289310106	0.9346823859940411	0.9488842038267233	0.9488842038267233	0.9488842038267233	0.9488842038267233	0.9488842038267233	0.9488842038267233	0.9488842038267233	0.9488842038267233	0.9488842038267233	0.9488842038267233	0.9488842038267233	0.9488842038267233	0.9488842038267236	0.9488842038267233	0.9488842038267233	0.9488842038267233	0.9397564147800702	0.9077531495345172	0.9370458777922351	0.9319876387290542	0.9488842038267233	0.9488842038267236	0.9437726242093957	0.9488842038267234	0.9488842038267233	0.9488842038267236	0.9488842038267233	0.9488842038267233	0.9488842038267233	0.9488842038267236	0.9488842038267234	0.9488842038267236	0.9440527658346638	0.9488842038267233	0.9437726242093959	0.9162317362564778	0.9313977740729761	0.9488842038267234	0.9488842038267233	0.9488842038267234	0.9488842038267233	0.9438691586913172	0.9488842038267233	0.9488842038267233	0.9488842038267233	0.9488842038267233	0.9437726242093957	0.9488842038267233	0.9309449997467691	0.9488842038267233	0.9488842038267234	0.9488842038267233	0.9488842038267233	0.9488842038267233	0.9488842038267233	0.9488842038267233	0.9315774442694236	0.9318715306179852	0.9488842038267233	0.9488842038267236	0.9488842038267233	0.9488842038267233	0.9488842038267233	0.9488842038267233	0.9488842038267233	0.9488842038267233	0.9488842038267233	0.9347423933679249	0.9393177393324083	0.9405969110090439	0.9284078015664993	0.9488842038267233	0.9304346739349371	0.9437726242093959	0.9363099093977507	0.9488842038267233	0.9488842038267233	0.9488842038267233	0.9267010600850808	0.9488842038267236	0.9488842038267233	0.910796395324132	0.9488842038267233	0.9488842038267233	0.9488842038267233	0.9488842038267233	0.9488842038267236	0.9488842038267233	0.935012124876905	0.9488842038267233	0.9488842038267233	0.9369007779182784	0.9227508986391145	0.9488842038267233	0.9488842038267233	0.9488842038267236	0.9437726242093957	0.9438979916839002
243	256436	0.1139612982495145	0.17038816683603078	0.2145494727515112	0.18559595070217538	0.22062059974146842	0.10586839237282325	0.07153931631534997	0.21959739734864717	0.13371347217891924	0.2274773381235725	0.1581376011136089	0.22747010572397167	0	0.2086536778419307	0.052571425283008316	0.14609836262265313	0.9783613871425674	0.9703918497039183	0.9357513727540996	0.984373265238148	1.0	0.9487485101311085	0.9822302993588772	1.0	1.0	0.9905175640574846	1.0	1.0	1.0	1.0	1.0	1.0	1.0	1.0	1.0	1.0	0.9775460105682149	1.0	1.0	1.0	1.0	1.0	1.0	1.0	1.0	1.0	1.0	0.9915745435000508	1.0	0.8266093903758245	0.974927675988428	1.0	1.0	1.0	1.0	1.0	1.0	1.0	1.0	1.0	1.0	1.0	1.0	1.0	1.0	1.0	1.0	1.0	1.0	1.0	1.0	1.0	1.0	1.0	1.0	1.0	1.0	0.9705021357947248	1.0	1.0	1.0	1.0	1.0	1.0	1.0	0.9857533278605051	0.9911750689314771	1.0	1.0	1.0	1.0	1.0	1.0	0.989616525104287	0.9857981821673175	1.0	1.0	1.0	1.0	1.0	1.0	1.0	1.0	1.0	1.0	1.0	1.0	1.0	1.0	1.0	1.0	0.9908722109533468	0.9689131002087681	0.9881616739655117	0.9831034349023307	1.0	1.0	1.0	1.0	1.0	1.0	1.0	1.0	1.0	1.0	1.0	1.0	1.0	1.0	1.0	0.9673475324297546	0.9825135702462525	1.0	1.0	1.0	1.0	1.0	1.0	1.0	1.0	1.0	1.0	1.0	0.9871723755373734	1.0	1.0	1.0	1.0	1.0	1.0	1.0	0.9826932404427003	0.9829873267912619	1.0	1.0	1.0	1.0	1.0	1.0	1.0	1.0	1.0	0.9858581895412015	0.9904335355056846	0.9917127071823204	0.9846351773571034	1.0	0.9815504701082136	1.0	0.9874257055710272	1.0	1.0	1.0	0.9778168562583576	1.0	1.0	0.971956345998383	1.0	1.0	1.0	1.0	1.0	1.0	0.9861279210501817	1.0	1.0	0.9880165740915549	0.978658504406565	1.0	1.0	1.0	1.0	1.0
244	256437	0.24580190442397779	0.256530845574505	0.08962882079582819	0.08910118666283898	0.19251686490534822	0.20833247560693116	0.23239941238118292	0.26365804296540435	0.1029934509958467	0.09013160730938276	0.13241798756192216	0.2851103568574257	0.2086536778419307	0	0.21855986606042552	0.1752300170696613	0.9783613871425674	0.9703918497039186	0.9357513727540996	0.984373265238148	1.0	0.9487485101311084	0.9822302993588774	1.0	1.0	0.9905175640574846	1.0	1.0	1.0	1.0	1.0	1.0	1.0	1.0	1.0	1.0	0.9775460105682149	1.0	1.0	1.0	1.0	1.0	1.0	1.0	1.0	1.0	1.0	0.9915745435000508	1.0	0.8439148906881497	0.974927675988428	1.0	1.0	1.0	1.0	1.0	1.0	1.0	1.0	1.0	1.0	1.0	1.0	1.0	1.0	1.0	1.0	1.0	1.0	1.0	1.0	1.0	1.0	1.0	1.0	1.0	1.0	0.9705021357947248	1.0	1.0	1.0	1.0	1.0	1.0	1.0	0.9857533278605053	0.9911750689314769	1.0	1.0	1.0	1.0	1.0	1.0	0.9896165251042872	0.9857981821673175	1.0	1.0	1.0	1.0	1.0	1.0	1.0	1.0	1.0	1.0	1.0	1.0	1.0	1.0	1.0	1.0	0.990872210953347	0.9689131002087683	0.9881616739655117	0.983103434902331	1.0	1.0	1.0	1.0	1.0	1.0	1.0	1.0	1.0	1.0	1.0	1.0	1.0	1.0	1.0	0.9673475324297546	0.9825135702462525	1.0	1.0	1.0	1.0	1.0	1.0	1.0	1.0	1.0	1.0	1.0	0.9871723755373734	1.0	1.0	1.0	1.0	1.0	1.0	1.0	0.9826932404427003	0.9829873267912619	1.0	1.0	1.0	1.0	1.0	1.0	1.0	1.0	1.0	0.9858581895412015	0.9904335355056846	0.9917127071823204	0.9846351773571036	1.0	0.9815504701082136	1.0	0.9874257055710272	1.0	1.0	1.0	0.9778168562583576	1.0	1.0	0.9719563459983834	1.0	1.0	1.0	1.0	1.0	1.0	0.9861279210501817	1.0	1.0	0.9880165740915551	0.978658504406565	1.0	1.0	1.0	1.0	1.0
247	256438	0.12485315864604016	0.14203481047683217	0.2238163801782256	0.19301118119240776	0.19671744348209963	0.08771966389786333	0.04338754775415159	0.24287630807321303	0.1484439618167161	0.2366980775738029	0.1679733220745949	0.21484293141451044	0.052571425283008316	0.21855986606042552	0	0.11767141081650054	0.9783613871425674	0.9703918497039186	0.9357513727540998	0.984373265238148	1.0	0.9487485101311085	0.9822302993588772	1.0	1.0	0.9905175640574846	1.0	1.0	1.0	1.0	1.0	1.0	1.0	1.0	1.0	1.0	0.977546010568215	1.0	1.0	1.0	1.0	1.0	1.0	1.0	1.0	1.0	1.0	0.9915745435000508	1.0	0.8265130357710255	0.9749276759884283	1.0	1.0	1.0	1.0	1.0	1.0	1.0	1.0	1.0	1.0	1.0	1.0	1.0	1.0	1.0	1.0	1.0	1.0	1.0	1.0	1.0	1.0	1.0	1.0	1.0	1.0	0.9705021357947248	1.0	1.0	1.0	1.0	1.0	1.0	1.0	0.9857533278605053	0.9911750689314769	1.0	1.0	1.0	1.0	1.0	1.0	0.989616525104287	0.9857981821673175	1.0	1.0	1.0	1.0	1.0	1.0	1.0	1.0	1.0	1.0	1.0	1.0	1.0	1.0	1.0	1.0	0.9908722109533468	0.9689131002087681	0.9881616739655116	0.983103434902331	1.0	1.0	1.0	1.0	1.0	1.0	1.0	1.0	1.0	1.0	1.0	1.0	1.0	1.0	1.0	0.9673475324297544	0.9825135702462526	1.0	1.0	1.0	1.0	1.0	1.0	1.0	1.0	1.0	1.0	1.0	0.9871723755373736	1.0	1.0	1.0	1.0	1.0	1.0	1.0	0.9826932404427003	0.9829873267912619	1.0	1.0	1.0	1.0	1.0	1.0	1.0	1.0	1.0	0.9858581895412016	0.9904335355056846	0.9917127071823204	0.9846351773571034	1.0	0.9815504701082136	1.0	0.9874257055710274	1.0	1.0	1.0	0.9778168562583576	1.0	1.0	0.9719563459983834	1.0	1.0	1.0	1.0	1.0	1.0	0.9861279210501814	1.0	1.0	0.9880165740915549	0.978658504406565	1.0	1.0	1.0	1.0	1.0
248	256439	0.19606905994533616	0.1894726805722115	0.17975512055062784	0.15406138806824254	0.16723832431618924	0.10404279710973638	0.11694613693138314	0.3023935610765305	0.15103063815464865	0.1896666814450977	0.17234424784321797	0.26011832061804135	0.14609836262265313	0.1752300170696613	0.11767141081650054	0	0.9783613871425674	0.9703918497039183	0.9357513727540998	0.9843732652381483	1.0	0.9487485101311086	0.9822302993588772	1.0	1.0	0.9905175640574841	1.0	1.0	1.0	1.0	1.0	1.0	1.0	1.0	1.0	1.0	0.977546010568215	1.0	1.0	1.0	1.0	1.0	1.0	1.0	1.0	1.0	1.0	0.991574543500051	1.0	0.8367476629262337	0.974927675988428	1.0	1.0	1.0	1.0	1.0	1.0	1.0	1.0	1.0	1.0	1.0	1.0	1.0	1.0	1.0	1.0	1.0	1.0	1.0	1.0	1.0	1.0	1.0	1.0	1.0	1.0	0.9705021357947248	1.0	1.0	1.0	1.0	1.0	1.0	1.0	0.9857533278605051	0.9911750689314771	1.0	1.0	1.0	1.0	1.0	1.0	0.9896165251042872	0.9857981821673176	1.0	1.0	1.0	1.0	1.0	1.0	1.0	1.0	1.0	1.0	1.0	1.0	1.0	1.0	1.0	1.0	0.9908722109533468	0.9689131002087681	0.9881616739655116	0.983103434902331	1.0	1.0	1.0	1.0	1.0	1.0	1.0	1.0	1.0	1.0	1.0	1.0	1.0	1.0	1.0	0.9673475324297544	0.9825135702462525	1.0	1.0	1.0	1.0	1.0	1.0	1.0	1.0	1.0	1.0	1.0	0.9871723755373734	1.0	1.0	1.0	1.0	1.0	1.0	1.0	0.9826932404427003	0.9829873267912619	1.0	1.0	1.0	1.0	1.0	1.0	1.0	1.0	1.0	0.9858581895412015	0.9904335355056846	0.9917127071823204	0.9846351773571034	1.0	0.9815504701082136	1.0	0.9874257055710272	1.0	1.0	1.0	0.9778168562583575	1.0	1.0	0.9719563459983834	1.0	1.0	1.0	1.0	1.0	1.0	0.9861279210501817	1.0	1.0	0.9880165740915549	0.978658504406565	1.0	1.0	1.0	1.0	1.0
DL01	256440	0.9783613871425674	0.9414390325180507	0.9783613871425674	0.9783613871425674	0.9357452478297771	0.9783613871425674	0.9783613871425674	0.9783613871425674	0.9783613871425674	0.9783613871425674	0.9537039368148224	0.9221340113519633	0.9783613871425674	0.9783613871425674	0.9783613871425674	0.9783613871425674	0	0.25276634361395417	0.2101266041845512	0.1536722001772568	0.10641572726598432	0.2257144821141081	0.1779802293406801	0.14994456781355414	0.20189207116146304	0.15115635848205458	0.13662639118480935	0.1413426518531088	0.14871311585646632	0.12582131218076148	0.22870096187785735	0.12151516888202896	0.21741893376508234	0.21477404942756734	0.12261231339013198	0.15545875077420973	0.1962199472507576	0.24311720466093853	0.11318634933106247	0.1324857202687159	0.22270543357649614	0.16178965978660484	0.11922613052784438	0.1319466917236287	0.15330151409724874	0.09620168721959321	0.18586930646438954	0.21625100245589338	0.18878657015548	0.3549574951597121	0.19949647871352444	0.28451623425496625	0.204599478894546	0.20845845796006252	0.3222661831311311	0.21253664576543166	0.17011537665296786	0.20531988427838804	0.15238209029424626	0.22025989196034237	0.20365517335163597	0.1604716433584562	0.17113833151483954	0.17711090985515565	0.1626865091141025	0.17707178629409737	0.16004950225073755	0.1792556784837168	0.21163937772500885	0.16668268822503132	0.21863819859492337	0.16704270459469683	0.20562081902634763	0.16749951517814982	0.26542901747509984	0.2687474477546643	0.48341846450523007	0.18473163639768364	0.18653271227552765	0.13953935204911483	0.19215172372863795	0.19980941710688657	0.19571657372360032	0.24106774042187648	0.20666137808463567	0.16647896479401567	0.1686964706336835	0.17343981650473644	0.1912425534246287	0.1575470399520378	0.21216534799449485	0.16944957499100122	0.2825338998472126	0.19274978367348686	0.24656231317016405	0.1840586277265431	0.233246928172746	0.21009095687736376	0.21491633740142227	0.2729171390493654	0.22334090436689907	0.1790897913102537	0.16906546858820556	0.218315769642562	0.19284180923008515	0.20904338073586914	0.2423500061505093	0.22820911957590423	0.1605396238064136	0.24161519030466996	0.17691564182867672	0.2037755265275807	0.21525199700014686	0.24865290694327682	0.20432471093868781	0.13150010959265981	0.13824730650059425	0.17034519549554408	0.13323440878243153	0.15003618081125553	0.16858415320897172	0.17383659536569693	0.1735231055122062	0.15968871453018318	0.17961958619488022	0.15451657302627633	0.165058368581053	0.1702281962790977	0.15966400094637143	0.17350560656757597	0.16952712345325444	0.11192581387492091	0.13807847005989948	0.1448718538454474	0.19544989976812954	0.1395902732320375	0.13723891303703342	0.1402967125658817	0.1858599035840606	0.190431198415006	0.15556361180533426	0.16313909732080487	0.16998368626781132	0.16461148502409576	0.16246958641414835	0.15335094109258082	0.1583872032620585	0.13746394111725432	0.14948566195991572	0.11783595376072413	0.14520934437526897	0.14407860069410558	0.1681701514131366	0.1842848743234922	0.15728336728355113	0.15651598284720022	0.18476849935328074	0.12054371761855814	0.1543930978822049	0.15951390478074381	0.15954213442373816	0.14479954918573995	0.15700281198715962	0.1739298141645573	0.13923819358966683	0.18491593784087465	0.11984417735403485	0.13133432452257893	0.23117169140114543	0.23641446727764043	0.16513229431971785	0.227814749396967	0.23231626791466084	0.19595519077337334	0.14960854724348766	0.15110362443307437	0.11882773380164459	0.16170851190724042	0.11889374357136319	0.14122865252741634	0.15506653786062666	0.10943050438695834	0.14252113976539488	0.1019182588709314	0.09886444691955713	0.13902202658989132	0.14181449670654409	0.12658354723652282	0.11182814093130243	0.14764156441915718	0.12559768922073744	0.139687472359039	0.13905717881711757
