26	256424	0	0.2261628255020105	0.47156384427682563	0.40173355839971	0.37467147928614886	0.27761752199069445	0.218546524953206	0.30401619274632924	0.3383554856749045	0.49316764594652934	0.33248676167900904	0.3778966015096603	0.22977064995663496	0.4409160152329445	0.2212461619277151	0.3390571902043801	0.9678312893556026	0.9577655723809854	0.9483793118537375	0.9705058510639637	1.0	0.9406668829251857	0.9501961486522581	1.0	1.0	0.978714636038404	1.0	1.0	1.0	1.0	1.0	1.0	1.0	1.0	1.0	1.0	0.9646393880093858	1.0	1.0	1.0	1.0	1.0	1.0	1.0	1.0	1.0	1.0	0.9792798366850244	1.0	0.8787290435153818	0.9630975687356448	1.0	1.0	1.0	1.0	1.0	1.0	1.0	1.0	1.0	1.0	1.0	1.0	1.0	1.0	1.0	1.0	1.0	1.0	1.0	1.0	1.0	1.0	1.0	1.0	1.0	1.0	0.9612549757095076	1.0	1.0	1.0	1.0	1.0	1.0	1.0	0.9713342218172558	0.9773374167369105	1.0	1.0	1.0	1.0	1.0	1.0	0.9753104653481903	0.9695439063813317	1.0	1.0	1.0	1.0	1.0	1.0	1.0	1.0	1.0	1.0	1.0	1.0	1.0	1.0	1.0	1.0	0.9783512172541555	0.9617440260575666	0.9737832069378526	0.9710212768540359	1.0	1.0	1.0	1.0	1.0	1.0	1.0	1.0	1.0	1.0	1.0	1.0	1.0	1.0	1.0	0.962532312108462	0.9725051606460986	1.0	1.0	1.0	1.0	1.0	1.0	1.0	1.0	1.0	1.0	1.0	0.9738805102085675	1.0	1.0	1.0	1.0	1.0	1.0	1.0	0.9701094381719091	0.9714912583491774	1.0	1.0	1.0	1.0	1.0	1.0	1.0	1.0	1.0	0.9733075281588522	0.9786178405118442	0.979509734872079	0.9714330006044193	1.0	0.9691117013586114	1.0	0.9738395277373695	1.0	1.0	1.0	0.9666690857215435	1.0	1.0	0.9630120335088893	1.0	1.0	1.0	1.0	1.0	1.0	0.9735722755670378	1.0	1.0	0.9762533877333435	0.9671968475125945	1.0	1.0	1.0	1.0	1.0
27	256425	0.2261628255020105	0	0.42181571346624464	0.37058378740812725	0.22579001198160467	0.27639865633798455	0.23551641014984404	0.26560341894552364	0.3435430417861638	0.4429543976792682	0.21779179939179558	0.34117561581372735	0.2806140770921656	0.40064672799714185	0.23352145880239822	0.3240655806074325	0.9023408626401426	0.8922751456655255	0.8309018753359942	0.9050154243485038	0.9345095732845401	0.8317535427872595	0.8847057219367982	0.9345095732845401	0.9345095732845401	0.9132242093229441	0.9345095732845399	0.9345095732845401	0.9345095732845402	0.9345095732845399	0.9345095732845402	0.9345095732845401	0.9345095732845401	0.9345095732845399	0.9345095732845401	0.9345095732845401	0.8798550682116265	0.9345095732845401	0.9345095732845399	0.9345095732845399	0.9345095732845401	0.9345095732845401	0.9345095732845401	0.9345095732845401	0.9345095732845401	0.9345095732845401	0.9345095732845401	0.9137894099695645	0.9345095732845401	0.7425276410459763	0.897607142020185	0.9345095732845401	0.9345095732845401	0.9345095732845401	0.9345095732845401	0.9345095732845401	0.9345095732845402	0.9345095732845401	0.9345095732845401	0.9345095732845401	0.9345095732845402	0.9345095732845401	0.9345095732845401	0.9345095732845401	0.9345095732845401	0.9345095732845402	0.9345095732845399	0.9345095732845399	0.9345095732845402	0.9345095732845402	0.9345095732845401	0.9345095732845401	0.9345095732845401	0.9345095732845401	0.9345095732845401	0.9345095732845401	0.9345095732845399	0.873417762879279	0.9345095732845401	0.9345095732845401	0.9345095732845399	0.9345095732845401	0.9345095732845401	0.9345095732845401	0.9345095732845401	0.9058437951017957	0.9118469900214506	0.9345095732845399	0.9345095732845401	0.9345095732845402	0.9345095732845401	0.9345095732845402	0.9345095732845401	0.9098200386327304	0.9040534796658718	0.9345095732845399	0.9345095732845401	0.9345095732845401	0.9345095732845399	0.9345095732845401	0.9345095732845401	0.9345095732845399	0.9345095732845401	0.9345095732845401	0.9345095732845399	0.9345095732845399	0.9345095732845401	0.9345095732845401	0.9345095732845401	0.9345095732845401	0.9345095732845401	0.9128607905386956	0.8739474134191327	0.9082927802223927	0.905530850138576	0.9345095732845401	0.9345095732845401	0.9345095732845399	0.9345095732845402	0.9345095732845401	0.9345095732845402	0.9345095732845401	0.9345095732845401	0.9345095732845399	0.9345095732845401	0.9345095732845401	0.9345095732845401	0.9345095732845401	0.9345095732845402	0.9345095732845402	0.8970418853930018	0.9070147339306386	0.9345095732845399	0.9345095732845401	0.9345095732845401	0.9345095732845401	0.9345095732845401	0.9345095732845399	0.9345095732845401	0.9345095732845401	0.9345095732845401	0.9345095732845402	0.9345095732845401	0.9083900834931078	0.9345095732845399	0.9345095732845401	0.9345095732845401	0.9345095732845399	0.9345095732845401	0.9345095732845401	0.9345095732845401	0.9046190114564492	0.9060008316337175	0.9345095732845402	0.9345095732845401	0.9345095732845399	0.9345095732845401	0.9345095732845401	0.9345095732845402	0.9345095732845402	0.9345095732845401	0.9345095732845402	0.9078171014433921	0.9131274137963843	0.914019308156619	0.9059425738889592	0.9345095732845402	0.9036212746431512	0.9345095732845401	0.9083491010219095	0.9345095732845401	0.9345095732845399	0.9345095732845399	0.9011786590060834	0.9345095732845401	0.9345095732845401	0.8742178856008682	0.9345095732845401	0.9345095732845401	0.9345095732845401	0.9345095732845401	0.9345095732845401	0.9345095732845402	0.9080818488515779	0.9345095732845401	0.9345095732845399	0.9107629610178836	0.9017064207971346	0.9345095732845402	0.9345095732845401	0.9345095732845402	0.9345095732845401	0.9345095732845401
43	256426	0.47156384427682563	0.42181571346624464	0	0.1411574883707108	0.3402259410122124	0.35289887705134204	0.37875258157027597	0.414192249352196	0.2184945007638251	0.06166357790612899	0.2843980225674036	0.49844696110611314	0.388433956152589	0.10731162174625657	0.3736956890943754	0.24560310140769007	0.9678312893556024	0.9577655723809856	0.9483793118537375	0.9705058510639639	1.0	0.9406668829251855	0.9679845376743198	1.0	1.0	0.978714636038404	1.0	1.0	1.0	1.0	1.0	1.0	1.0	1.0	1.0	1.0	0.9646393880093858	1.0	1.0	1.0	1.0	1.0	1.0	1.0	1.0	1.0	1.0	0.9792798366850246	1.0	0.883367362567635	0.9630975687356448	1.0	1.0	1.0	1.0	1.0	1.0	1.0	1.0	1.0	1.0	1.0	1.0	1.0	1.0	1.0	1.0	1.0	1.0	1.0	1.0	1.0	1.0	1.0	1.0	1.0	1.0	0.9612549757095076	1.0	1.0	1.0	1.0	1.0	1.0	1.0	0.9713342218172558	0.9773374167369104	1.0	1.0	1.0	1.0	1.0	1.0	0.9753104653481903	0.9695439063813317	1.0	1.0	1.0	1.0	1.0	1.0	1.0	1.0	1.0	1.0	1.0	1.0	1.0	1.0	1.0	1.0	0.9783512172541554	0.9617440260575668	0.9737832069378525	0.9710212768540359	1.0	1.0	1.0	1.0	1.0	1.0	1.0	1.0	1.0	1.0	1.0	1.0	1.0	1.0	1.0	0.9625323121084617	0.9725051606460987	1.0	1.0	1.0	1.0	1.0	1.0	1.0	1.0	1.0	1.0	1.0	0.9738805102085675	1.0	1.0	1.0	1.0	1.0	1.0	1.0	0.9701094381719091	0.9714912583491774	1.0	1.0	1.0	1.0	1.0	1.0	1.0	1.0	1.0	0.9733075281588522	0.9786178405118444	0.9795097348720792	0.9714330006044193	1.0	0.9691117013586112	1.0	0.9738395277373695	1.0	1.0	1.0	0.9666690857215435	1.0	1.0	0.9630120335088893	1.0	1.0	1.0	1.0	1.0	1.0	0.9735722755670376	1.0	1.0	0.9762533877333435	0.9671968475125943	1.0	1.0	1.0	1.0	1.0
44	256427	0.40173355839971	0.37058378740812725	0.1411574883707108	0	0.27085333790878063	0.2871132548295751	0.31067916212654983	0.38439208472883496	0.20196244252609372	0.1607203362455186	0.2419822305245996	0.45959747491046865	0.32114754085293196	0.15255442574065148	0.30539262921818233	0.1945595941935043	0.9678312893556024	0.9577655723809856	0.9483793118537375	0.9705058510639637	1.0	0.9406668829251855	0.9679845376743198	1.0	1.0	0.9787146360384038	1.0	1.0	1.0	1.0	1.0	1.0	1.0	1.0	1.0	1.0	0.964639388009386	1.0	1.0	1.0	1.0	1.0	1.0	1.0	1.0	1.0	1.0	0.9792798366850246	1.0	0.8833673625676349	0.9630975687356448	1.0	1.0	1.0	1.0	1.0	1.0	1.0	1.0	1.0	1.0	1.0	1.0	1.0	1.0	1.0	1.0	1.0	1.0	1.0	1.0	1.0	1.0	1.0	1.0	1.0	1.0	0.9612549757095072	1.0	1.0	1.0	1.0	1.0	1.0	1.0	0.9713342218172556	0.9773374167369105	1.0	1.0	1.0	1.0	1.0	1.0	0.9753104653481903	0.9695439063813317	1.0	1.0	1.0	1.0	1.0	1.0	1.0	1.0	1.0	1.0	1.0	1.0	1.0	1.0	1.0	1.0	0.9783512172541554	0.9617440260575666	0.9737832069378526	0.9710212768540359	1.0	1.0	1.0	1.0	1.0	1.0	1.0	1.0	1.0	1.0	1.0	1.0	1.0	1.0	1.0	0.9625323121084619	0.9725051606460987	1.0	1.0	1.0	1.0	1.0	1.0	1.0	1.0	1.0	1.0	1.0	0.9738805102085675	1.0	1.0	1.0	1.0	1.0	1.0	1.0	0.9701094381719093	0.9714912583491776	1.0	1.0	1.0	1.0	1.0	1.0	1.0	1.0	1.0	0.9733075281588522	0.9786178405118441	0.979509734872079	0.9714330006044193	1.0	0.9691117013586112	1.0	0.9738395277373693	1.0	1.0	1.0	0.9666690857215433	1.0	1.0	0.9630120335088893	1.0	1.0	1.0	1.0	1.0	1.0	0.9735722755670378	1.0	1.0	0.9762533877333435	0.9671968475125945	1.0	1.0	1.0	1.0	1.0
233	256428	0.37467147928614886	0.22579001198160467	0.3402259410122124	0.27085333790878063	0	0.3563997734351966	0.32649265127317556	0.4383568395944175	0.29803256244955495	0.34700642663899883	0.17175342817501554	0.40059443012046697	0.37668154880173876	0.3399077728038355	0.3509466722759099	0.32051094514073164	0.9004700107877863	0.8904042938131694	0.8290310234836379	0.9031445724961479	0.932638721432184	0.8298826909349032	0.8837418331405177	0.9326387214321842	0.932638721432184	0.911353357470588	0.932638721432184	0.932638721432184	0.932638721432184	0.932638721432184	0.9326387214321842	0.932638721432184	0.932638721432184	0.932638721432184	0.932638721432184	0.932638721432184	0.8779842163592705	0.932638721432184	0.932638721432184	0.932638721432184	0.932638721432184	0.932638721432184	0.9326387214321838	0.932638721432184	0.932638721432184	0.932638721432184	0.932638721432184	0.9119185581172086	0.932638721432184	0.7562867429214689	0.8957362901678287	0.9326387214321837	0.932638721432184	0.932638721432184	0.932638721432184	0.932638721432184	0.932638721432184	0.932638721432184	0.932638721432184	0.932638721432184	0.932638721432184	0.932638721432184	0.932638721432184	0.932638721432184	0.9326387214321837	0.932638721432184	0.932638721432184	0.9326387214321837	0.932638721432184	0.9134949765321339	0.932638721432184	0.932638721432184	0.932638721432184	0.932638721432184	0.932638721432184	0.932638721432184	0.932638721432184	0.8715469110269228	0.9326387214321837	0.932638721432184	0.9326387214321842	0.932638721432184	0.932638721432184	0.932638721432184	0.932638721432184	0.9039729432494398	0.9099761381690945	0.9326387214321842	0.932638721432184	0.932638721432184	0.932638721432184	0.932638721432184	0.932638721432184	0.9079491867803743	0.9021826278135155	0.932638721432184	0.932638721432184	0.932638721432184	0.932638721432184	0.932638721432184	0.932638721432184	0.9326387214321837	0.932638721432184	0.932638721432184	0.932638721432184	0.932638721432184	0.932638721432184	0.932638721432184	0.932638721432184	0.932638721432184	0.932638721432184	0.9109899386863392	0.8720765615667768	0.9064219283700364	0.9036599982862197	0.932638721432184	0.9326387214321838	0.932638721432184	0.932638721432184	0.932638721432184	0.932638721432184	0.932638721432184	0.932638721432184	0.932638721432184	0.932638721432184	0.932638721432184	0.932638721432184	0.932638721432184	0.932638721432184	0.932638721432184	0.8951710335406459	0.9051438820782826	0.932638721432184	0.932638721432184	0.9326387214321837	0.9326387214321837	0.9326387214321838	0.932638721432184	0.9326387214321837	0.932638721432184	0.932638721432184	0.932638721432184	0.932638721432184	0.9065192316407514	0.932638721432184	0.932638721432184	0.932638721432184	0.932638721432184	0.932638721432184	0.932638721432184	0.932638721432184	0.9027481596040933	0.9041299797813613	0.932638721432184	0.932638721432184	0.9326387214321842	0.932638721432184	0.932638721432184	0.932638721432184	0.932638721432184	0.932638721432184	0.932638721432184	0.9059462495910362	0.9112565619440282	0.9121484563042628	0.9040717220366032	0.932638721432184	0.9017504227907952	0.932638721432184	0.9064782491695534	0.932638721432184	0.932638721432184	0.9326387214321838	0.8993078071537273	0.932638721432184	0.932638721432184	0.8526775568913204	0.932638721432184	0.932638721432184	0.932638721432184	0.932638721432184	0.932638721432184	0.932638721432184	0.906210996999222	0.932638721432184	0.932638721432184	0.9088921091655275	0.8998355689447785	0.932638721432184	0.932638721432184	0.932638721432184	0.932638721432184	0.932638721432184
234	256429	0.27761752199069445	0.27639865633798455	0.35289887705134204	0.2871132548295751	0.3563997734351966	0	0.1520385135184886	0.357520892708914	0.26717612417833636	0.37450267872104576	0.2939578952173569	0.40397673248697796	0.15146965181070565	0.35278439744460455	0.1458068665642866	0.19429007709339033	0.9678312893556024	0.9577655723809854	0.9483793118537373	0.9705058510639639	1.0	0.9406668829251855	0.9679845376743198	1.0	1.0	0.9787146360384038	1.0	1.0	1.0	1.0	1.0	1.0	1.0	1.0	1.0	1.0	0.9646393880093858	1.0	1.0	1.0	1.0	1.0	1.0	1.0	1.0	1.0	1.0	0.9792798366850246	1.0	0.8629994907986236	0.9630975687356448	1.0	1.0	1.0	1.0	1.0	1.0	1.0	1.0	1.0	1.0	1.0	1.0	1.0	1.0	1.0	1.0	1.0	1.0	1.0	1.0	1.0	1.0	1.0	1.0	1.0	1.0	0.9612549757095074	1.0	1.0	1.0	1.0	1.0	1.0	1.0	0.9713342218172556	0.9773374167369105	1.0	1.0	1.0	1.0	1.0	1.0	0.9753104653481903	0.9695439063813317	1.0	1.0	1.0	1.0	1.0	1.0	1.0	1.0	1.0	1.0	1.0	1.0	1.0	1.0	1.0	1.0	0.9783512172541555	0.9617440260575668	0.9737832069378525	0.9710212768540357	1.0	1.0	1.0	1.0	1.0	1.0	1.0	1.0	1.0	1.0	1.0	1.0	1.0	1.0	1.0	0.9625323121084619	0.9725051606460987	1.0	1.0	1.0	1.0	1.0	1.0	1.0	1.0	1.0	1.0	1.0	0.9738805102085675	1.0	1.0	1.0	1.0	1.0	1.0	1.0	0.9701094381719093	0.9714912583491774	1.0	1.0	1.0	1.0	1.0	1.0	1.0	1.0	1.0	0.9733075281588522	0.9786178405118442	0.979509734872079	0.9714330006044191	1.0	0.9691117013586114	1.0	0.9738395277373695	1.0	1.0	1.0	0.9666690857215435	1.0	1.0	0.9630120335088893	1.0	1.0	1.0	1.0	1.0	1.0	0.9735722755670378	1.0	1.0	0.9762533877333437	0.9671968475125945	1.0	1.0	1.0	1.0	1.0
235	256430	0.218546524953206	0.23551641014984404	0.37875258157027597	0.31067916212654983	0.32649265127317556	0.1520385135184886	0	0.34736359232748587	0.2623759627583253	0.39976297420524626	0.2746900272947111	0.41419697719160253	0.09031390852076676	0.37354617216006825	0.05990913795755008	0.22899102678877284	0.9678312893556024	0.9577655723809854	0.9483793118537373	0.9705058510639637	1.0	0.9406668829251855	0.96798453767432	1.0	1.0	0.978714636038404	1.0	1.0	1.0	1.0	1.0	1.0	1.0	1.0	1.0	1.0	0.964639388009386	1.0	1.0	1.0	1.0	1.0	1.0	1.0	1.0	1.0	1.0	0.9792798366850246	1.0	0.8629994907986238	0.9630975687356448	1.0	1.0	1.0	1.0	1.0	1.0	1.0	1.0	1.0	1.0	1.0	1.0	1.0	1.0	1.0	1.0	1.0	1.0	1.0	1.0	1.0	1.0	1.0	1.0	1.0	1.0	0.9612549757095074	1.0	1.0	1.0	1.0	1.0	1.0	1.0	0.9713342218172556	0.9773374167369105	1.0	1.0	1.0	1.0	1.0	1.0	0.9753104653481903	0.9695439063813317	1.0	1.0	1.0	1.0	1.0	1.0	1.0	1.0	1.0	1.0	1.0	1.0	1.0	1.0	1.0	1.0	0.9783512172541554	0.9617440260575668	0.9737832069378525	0.9710212768540359	1.0	1.0	1.0	1.0	1.0	1.0	1.0	1.0	1.0	1.0	1.0	1.0	1.0	1.0	1.0	0.9625323121084617	0.9725051606460986	1.0	1.0	1.0	1.0	1.0	1.0	1.0	1.0	1.0	1.0	1.0	0.9738805102085677	1.0	1.0	1.0	1.0	1.0	1.0	1.0	0.9701094381719091	0.9714912583491774	1.0	1.0	1.0	1.0	1.0	1.0	1.0	1.0	1.0	0.9733075281588522	0.9786178405118444	0.979509734872079	0.9714330006044193	1.0	0.9691117013586112	1.0	0.9738395277373695	1.0	1.0	1.0	0.9666690857215435	1.0	1.0	0.9630120335088893	1.0	1.0	1.0	1.0	1.0	1.0	0.9735722755670378	1.0	1.0	0.9762533877333435	0.9671968475125942	1.0	1.0	1.0	1.0	1.0
236	256431	0.30401619274632924	0.26560341894552364	0.414192249352196	0.38439208472883496	0.4383568395944175	0.357520892708914	0.34736359232748587	0	0.34284175383997845	0.44210107375968455	0.3614255654807198	0.4147964004878321	0.3344330152554522	0.38432699507923945	0.31990721012718415	0.3695267017766034	0.9678312893556024	0.9577655723809856	0.9483793118537373	0.9705058510639636	1.0	0.9406668829251857	0.950196148652258	1.0	1.0	0.978714636038404	1.0	1.0	1.0	1.0	1.0	1.0	1.0	1.0	1.0	1.0	0.9646393880093858	1.0	1.0	1.0	1.0	1.0	1.0	1.0	1.0	1.0	1.0	0.9792798366850246	1.0	0.8629994907986236	0.9630975687356448	1.0	1.0	1.0	1.0	1.0	1.0	1.0	1.0	1.0	1.0	1.0	1.0	1.0	1.0	1.0	1.0	1.0	1.0	1.0	1.0	1.0	1.0	1.0	1.0	1.0	1.0	0.9612549757095076	1.0	1.0	1.0	1.0	1.0	1.0	1.0	0.9713342218172556	0.9773374167369105	1.0	1.0	1.0	1.0	1.0	1.0	0.9753104653481903	0.9695439063813317	1.0	1.0	1.0	1.0	1.0	1.0	1.0	1.0	1.0	1.0	1.0	1.0	1.0	1.0	1.0	1.0	0.9783512172541554	0.9617440260575669	0.9737832069378525	0.9710212768540359	1.0	1.0	1.0	1.0	1.0	1.0	1.0	1.0	1.0	1.0	1.0	1.0	1.0	1.0	1.0	0.9625323121084619	0.9725051606460987	1.0	1.0	1.0	1.0	1.0	1.0	1.0	1.0	1.0	1.0	1.0	0.9738805102085675	1.0	1.0	1.0	1.0	1.0	1.0	1.0	0.9701094381719091	0.9714912583491776	1.0	1.0	1.0	1.0	1.0	1.0	1.0	1.0	1.0	0.9733075281588521	0.9786178405118442	0.979509734872079	0.9714330006044191	1.0	0.9691117013586112	1.0	0.9738395277373693	1.0	1.0	1.0	0.9666690857215435	1.0	1.0	0.9630120335088894	1.0	1.0	1.0	1.0	1.0	1.0	0.973572275567038	1.0	1.0	0.9762533877333437	0.9671968475125945	1.0	1.0	1.0	1.0	1.0
237	256432	0.3383554856749045	0.3435430417861638	0.2184945007638251	0.20196244252609372	0.29803256244955495	0.26717612417833636	0.2623759627583253	0.34284175383997845	0	0.23729975526991356	0.18625224486372333	0.4722657274113305	0.2545962725124964	0.19626774011390044	0.24262521089631306	0.19134849464643633	0.9678312893556026	0.9577655723809854	0.9483793118537371	0.9705058510639637	1.0	0.9406668829251855	0.9679845376743198	1.0	1.0	0.9787146360384038	1.0	1.0	1.0	1.0	1.0	1.0	1.0	1.0	1.0	1.0	0.964639388009386	1.0	1.0	1.0	1.0	1.0	1.0	1.0	1.0	1.0	1.0	0.9792798366850242	1.0	0.883367362567635	0.9630975687356448	1.0	1.0	1.0	1.0	1.0	1.0	1.0	1.0	1.0	1.0	1.0	1.0	1.0	1.0	1.0	1.0	1.0	1.0	1.0	1.0	1.0	1.0	1.0	1.0	1.0	1.0	0.9612549757095076	1.0	1.0	1.0	1.0	1.0	1.0	1.0	0.9713342218172558	0.9773374167369104	1.0	1.0	1.0	1.0	1.0	1.0	0.9753104653481903	0.9695439063813317	1.0	1.0	1.0	1.0	1.0	1.0	1.0	1.0	1.0	1.0	1.0	1.0	1.0	1.0	1.0	1.0	0.9783512172541554	0.9617440260575669	0.9737832069378526	0.9710212768540359	1.0	1.0	1.0	1.0	1.0	1.0	1.0	1.0	1.0	1.0	1.0	1.0	1.0	1.0	1.0	0.9625323121084619	0.9725051606460987	1.0	1.0	1.0	1.0	1.0	1.0	1.0	1.0	1.0	1.0	1.0	0.9738805102085675	1.0	1.0	1.0	1.0	1.0	1.0	1.0	0.9701094381719093	0.9714912583491776	1.0	1.0	1.0	1.0	1.0	1.0	1.0	1.0	1.0	0.9733075281588521	0.9786178405118444	0.979509734872079	0.9714330006044191	1.0	0.9691117013586112	1.0	0.9738395277373693	1.0	1.0	1.0	0.9666690857215433	1.0	1.0	0.9630120335088894	1.0	1.0	1.0	1.0	1.0	1.0	0.9735722755670378	1.0	1.0	0.9762533877333437	0.9671968475125945	1.0	1.0	1.0	1.0	1.0
238	256433	0.49316764594652934	0.4429543976792682	0.06166357790612899	0.1607203362455186	0.34700642663899883	0.37450267872104576	0.39976297420524626	0.44210107375968455	0.23729975526991356	0	0.30233286745956695	0.5104694541934532	0.4100377578222928	0.1262565164214471	0.395299490764079	0.2675743700788964	0.9678312893556024	0.9577655723809856	0.9483793118537373	0.9705058510639639	1.0	0.9406668829251856	0.9679845376743197	1.0	1.0	0.9787146360384038	1.0	1.0	1.0	1.0	1.0	1.0	1.0	1.0	1.0	1.0	0.964639388009386	1.0	1.0	1.0	1.0	1.0	1.0	1.0	1.0	1.0	1.0	0.9792798366850244	1.0	0.883367362567635	0.9630975687356448	1.0	1.0	1.0	1.0	1.0	1.0	1.0	1.0	1.0	1.0	1.0	1.0	1.0	1.0	1.0	1.0	1.0	1.0	1.0	1.0	1.0	1.0	1.0	1.0	1.0	1.0	0.9612549757095076	1.0	1.0	1.0	1.0	1.0	1.0	1.0	0.9713342218172558	0.9773374167369105	1.0	1.0	1.0	1.0	1.0	1.0	0.9753104653481903	0.9695439063813317	1.0	1.0	1.0	1.0	1.0	1.0	1.0	1.0	1.0	1.0	1.0	1.0	1.0	1.0	1.0	1.0	0.9783512172541555	0.9617440260575666	0.9737832069378528	0.9710212768540359	1.0	1.0	1.0	1.0	1.0	1.0	1.0	1.0	1.0	1.0	1.0	1.0	1.0	1.0	1.0	0.9625323121084617	0.9725051606460987	1.0	1.0	1.0	1.0	1.0	1.0	1.0	1.0	1.0	1.0	1.0	0.9738805102085675	1.0	1.0	1.0	1.0	1.0	1.0	1.0	0.9701094381719091	0.9714912583491776	1.0	1.0	1.0	1.0	1.0	1.0	1.0	1.0	1.0	0.9733075281588522	0.9786178405118442	0.9795097348720792	0.9714330006044193	1.0	0.969111701358611	1.0	0.9738395277373695	1.0	1.0	1.0	0.9666690857215435	1.0	1.0	0.9630120335088894	1.0	1.0	1.0	1.0	1.0	1.0	0.9735722755670378	1.0	1.0	0.9762533877333435	0.9671968475125942	1.0	1.0	1.0	1.0	1.0
239	256434	0.33248676167900904	0.21779179939179558	0.2843980225674036	0.2419822305245996	0.17175342817501554	0.2939578952173569	0.2746900272947111	0.3614255654807198	0.18625224486372333	0.30233286745956695	0	0.38756653004290176	0.2984452970336217	0.28173287093766325	0.282551282789826	0.2504854220259321	0.9093461547024446	0.8992804377278277	0.8379071673982966	0.9120207164108062	0.9415148653468423	0.8387588348495617	0.9094994030211623	0.9415148653468423	0.9415148653468423	0.9202295013852465	0.9415148653468423	0.9415148653468423	0.9415148653468423	0.9415148653468423	0.9415148653468423	0.9415148653468423	0.9415148653468423	0.9415148653468425	0.9415148653468423	0.9415148653468423	0.8868603602739288	0.9415148653468426	0.9415148653468423	0.9415148653468423	0.9415148653468423	0.9415148653468423	0.9415148653468423	0.9415148653468423	0.9415148653468423	0.9415148653468423	0.9415148653468423	0.9207947020318669	0.9415148653468423	0.76990080487729	0.9046124340824874	0.9415148653468423	0.9415148653468423	0.9415148653468425	0.9415148653468425	0.9415148653468425	0.9415148653468425	0.9415148653468423	0.9415148653468423	0.9415148653468423	0.9415148653468423	0.9415148653468423	0.9415148653468423	0.9415148653468423	0.9415148653468423	0.9415148653468423	0.9415148653468425	0.9415148653468423	0.9415148653468423	0.9415148653468423	0.9415148653468423	0.9415148653468423	0.9415148653468423	0.9415148653468425	0.9415148653468423	0.9415148653468425	0.9415148653468423	0.8804230549415811	0.9415148653468423	0.9415148653468425	0.9415148653468425	0.9415148653468423	0.9415148653468423	0.9415148653468423	0.9415148653468425	0.9128490871640981	0.9188522820837527	0.9415148653468423	0.9415148653468423	0.9415148653468423	0.9415148653468423	0.9415148653468423	0.9415148653468425	0.9168253306950326	0.9110587717281742	0.9415148653468423	0.9415148653468423	0.9415148653468423	0.9415148653468423	0.9415148653468425	0.9415148653468423	0.9415148653468425	0.9415148653468423	0.9415148653468423	0.9415148653468423	0.9415148653468423	0.9415148653468423	0.9415148653468423	0.9415148653468423	0.9415148653468423	0.9415148653468423	0.9198660826009978	0.8809527054814349	0.915298072284695	0.912536142200878	0.9415148653468425	0.9415148653468423	0.9415148653468423	0.9415148653468425	0.9415148653468423	0.9415148653468423	0.9415148653468423	0.9415148653468423	0.9415148653468425	0.9415148653468423	0.9415148653468425	0.9415148653468425	0.9415148653468423	0.9415148653468423	0.9415148653468423	0.9040471774553042	0.914020025992941	0.9415148653468425	0.9415148653468425	0.9415148653468423	0.9415148653468423	0.9415148653468425	0.9415148653468423	0.9415148653468423	0.9415148653468425	0.9415148653468423	0.9415148653468425	0.9415148653468423	0.91539537555541	0.9415148653468423	0.9415148653468423	0.9415148653468423	0.9415148653468425	0.9415148653468423	0.9415148653468423	0.9415148653468423	0.9116243035187513	0.9130061236960197	0.9415148653468423	0.9415148653468423	0.9415148653468425	0.9415148653468423	0.9415148653468423	0.9415148653468425	0.9415148653468423	0.9415148653468423	0.9415148653468423	0.9148223935056947	0.9201327058586867	0.9210246002189215	0.9129478659512617	0.9415148653468423	0.9106265667054535	0.9415148653468425	0.9153543930842117	0.9415148653468423	0.9415148653468423	0.9415148653468423	0.908183951068386	0.9415148653468423	0.9415148653468425	0.8812231776631706	0.9415148653468423	0.9415148653468423	0.9415148653468425	0.9415148653468423	0.9415148653468423	0.9415148653468423	0.9150871409138803	0.9415148653468423	0.9415148653468423	0.917768253080186	0.9087117128594367	0.9415148653468425	0.9415148653468426	0.9415148653468423	0.9415148653468425	0.9415148653468423
240	256435	0.3778966015096603	0.34117561581372735	0.49844696110611314	0.45959747491046865	0.40059443012046697	0.40397673248697796	0.41419697719160253	0.4147964004878321	0.4722657274113305	0.5104694541934532	0.38756653004290176	0	0.4000694667904897	0.5103645065155239	0.40265735851042095	0.4723410262139835	0.8630169117398692	0.852124352280771	0.8219762685573158	0.8819034545941733	0.894601269313161	0.8322189302382292	0.8615937521824678	0.9113976035302097	0.8946198712854472	0.8901122395686134	0.8943587798997856	0.8943587798997855	0.9113976035302096	0.9113976035302096	0.9113976035302096	0.8943587798997856	0.8943587798997856	0.8943587798997856	0.9113976035302096	0.9113976035302095	0.8397042748268724	0.9113976035302096	0.9113976035302096	0.9113976035302096	0.8943587798997854	0.9113976035302096	0.9113976035302097	0.9113976035302096	0.9113976035302094	0.9113976035302094	0.9113976035302097	0.890677440215234	0.9113976035302094	0.7505124523959057	0.8744951722658545	0.9113976035302094	0.9113976035302096	0.9113976035302094	0.9113976035302096	0.9113976035302096	0.9113976035302094	0.9113976035302096	0.9113976035302096	0.9113976035302095	0.9113976035302096	0.9113976035302096	0.9113976035302094	0.9113976035302096	0.9113976035302094	0.9113976035302096	0.9113976035302096	0.9113976035302096	0.9113976035302096	0.9113976035302094	0.9113976035302097	0.9113976035302096	0.9113976035302094	0.9113976035302097	0.9113976035302097	0.9113976035302097	0.9113976035302097	0.8503057931249481	0.9113976035302094	0.8943587798997856	0.9113976035302096	0.9113976035302096	0.9113976035302096	0.9113976035302094	0.9113976035302096	0.8827318253474652	0.8887350202671201	0.9113976035302094	0.9113976035302096	0.9113976035302096	0.9113976035302096	0.9113976035302097	0.9113976035302096	0.8867080688783999	0.8809415099115413	0.9113976035302094	0.9113976035302096	0.9113976035302096	0.9113976035302096	0.9113976035302094	0.9113976035302096	0.9113976035302094	0.9113976035302096	0.9113976035302096	0.9113976035302097	0.9113976035302094	0.9113976035302096	0.9113976035302094	0.9113976035302096	0.9113976035302096	0.9113976035302096	0.8897488207843649	0.8508354436648023	0.8851808104680621	0.8824188803842453	0.9113976035302096	0.9113976035302094	0.8943587798997858	0.9113976035302096	0.9113976035302094	0.9113976035302094	0.9113976035302094	0.9113976035302096	0.9113976035302096	0.9113976035302096	0.9113976035302097	0.9113976035302096	0.8955995910199573	0.9113976035302097	0.8943587798997857	0.8739299156386713	0.8839027641763084	0.9113976035302096	0.9113976035302096	0.9113976035302096	0.9113976035302094	0.8957767554269415	0.9113976035302094	0.9113976035302096	0.9113976035302096	0.9113976035302096	0.89516769329851	0.9113976035302096	0.8682392901083531	0.9113976035302094	0.9113976035302096	0.9113976035302097	0.9113976035302096	0.9113976035302096	0.9113976035302096	0.9113976035302097	0.8815070417021187	0.882888861879387	0.9113976035302094	0.9113976035302096	0.9113976035302094	0.9113976035302096	0.9113976035302094	0.9113976035302094	0.9113976035302097	0.9113976035302096	0.9113976035302094	0.8847051316890616	0.8900154440420538	0.8909073384022886	0.8657917805042047	0.9113976035302094	0.8805093048888207	0.8943587798997854	0.8852371312675791	0.9113976035302094	0.9113976035302094	0.9113976035302094	0.878066689251753	0.9113976035302096	0.9113976035302094	0.8511059158465378	0.9113976035302094	0.9113976035302096	0.9113976035302096	0.9113976035302094	0.9113976035302096	0.9113976035302094	0.8849698790972474	0.9113976035302094	0.9113976035302096	0.8876509912635531	0.8630508037267562	0.9113976035302096	0.9113976035302096	0.9113976035302094	0.8943587798997856	0.8946342777824504
243	256436	0.22977064995663496	0.2806140770921656	0.388433956152589	0.32114754085293196	0.37668154880173876	0.15146965181070565	0.09031390852076676	0.3344330152554522	0.2545962725124964	0.4100377578222928	0.2984452970336217	0.4000694667904897	0	0.37689743881816595	0.06260303782530809	0.2198610676618296	0.9678312893556024	0.9577655723809856	0.9483793118537373	0.9705058510639639	1.0	0.9406668829251855	0.9679845376743198	1.0	1.0	0.978714636038404	1.0	1.0	1.0	1.0	1.0	1.0	1.0	1.0	1.0	1.0	0.9646393880093858	1.0	1.0	1.0	1.0	1.0	1.0	1.0	1.0	1.0	1.0	0.9792798366850244	1.0	0.8629994907986235	0.9630975687356448	1.0	1.0	1.0	1.0	1.0	1.0	1.0	1.0	1.0	1.0	1.0	1.0	1.0	1.0	1.0	1.0	1.0	1.0	1.0	1.0	1.0	1.0	1.0	1.0	1.0	1.0	0.9612549757095076	1.0	1.0	1.0	1.0	1.0	1.0	1.0	0.9713342218172558	0.9773374167369105	1.0	1.0	1.0	1.0	1.0	1.0	0.9753104653481903	0.9695439063813317	1.0	1.0	1.0	1.0	1.0	1.0	1.0	1.0	1.0	1.0	1.0	1.0	1.0	1.0	1.0	1.0	0.9783512172541552	0.9617440260575666	0.9737832069378526	0.9710212768540359	1.0	1.0	1.0	1.0	1.0	1.0	1.0	1.0	1.0	1.0	1.0	1.0	1.0	1.0	1.0	0.9625323121084617	0.9725051606460987	1.0	1.0	1.0	1.0	1.0	1.0	1.0	1.0	1.0	1.0	1.0	0.9738805102085677	1.0	1.0	1.0	1.0	1.0	1.0	1.0	0.9701094381719091	0.9714912583491776	1.0	1.0	1.0	1.0	1.0	1.0	1.0	1.0	1.0	0.9733075281588522	0.9786178405118441	0.979509734872079	0.9714330006044191	1.0	0.9691117013586112	1.0	0.9738395277373693	1.0	1.0	1.0	0.9666690857215435	1.0	1.0	0.9630120335088893	1.0	1.0	1.0	1.0	1.0	1.0	0.9735722755670381	1.0	1.0	0.9762533877333435	0.9671968475125945	1.0	1.0	1.0	1.0	1.0
244	256437	0.4409160152329445	0.40064672799714185	0.10731162174625657	0.15255442574065148	0.3399077728038355	0.35278439744460455	0.37354617216006825	0.38432699507923945	0.19626774011390044	0.1262565164214471	0.28173287093766325	0.5103645065155239	0.37689743881816595	0	0.3638505020527036	0.24367915501205775	0.9678312893556026	0.9577655723809854	0.9483793118537371	0.9705058510639637	1.0	0.9406668829251857	0.9679845376743198	1.0	1.0	0.9787146360384043	1.0	1.0	1.0	1.0	1.0	1.0	1.0	1.0	1.0	1.0	0.964639388009386	1.0	1.0	1.0	1.0	1.0	1.0	1.0	1.0	1.0	1.0	0.9792798366850244	1.0	0.8833673625676349	0.9630975687356448	1.0	1.0	1.0	1.0	1.0	1.0	1.0	1.0	1.0	1.0	1.0	1.0	1.0	1.0	1.0	1.0	1.0	1.0	1.0	1.0	1.0	1.0	1.0	1.0	1.0	1.0	0.9612549757095076	1.0	1.0	1.0	1.0	1.0	1.0	1.0	0.9713342218172558	0.9773374167369104	1.0	1.0	1.0	1.0	1.0	1.0	0.9753104653481903	0.9695439063813317	1.0	1.0	1.0	1.0	1.0	1.0	1.0	1.0	1.0	1.0	1.0	1.0	1.0	1.0	1.0	1.0	0.9783512172541554	0.9617440260575668	0.9737832069378525	0.9710212768540357	1.0	1.0	1.0	1.0	1.0	1.0	1.0	1.0	1.0	1.0	1.0	1.0	1.0	1.0	1.0	0.9625323121084617	0.9725051606460987	1.0	1.0	1.0	1.0	1.0	1.0	1.0	1.0	1.0	1.0	1.0	0.9738805102085675	1.0	1.0	1.0	1.0	1.0	1.0	1.0	0.9701094381719091	0.9714912583491774	1.0	1.0	1.0	1.0	1.0	1.0	1.0	1.0	1.0	0.9733075281588525	0.9786178405118442	0.9795097348720792	0.9714330006044193	1.0	0.9691117013586114	1.0	0.9738395277373695	1.0	1.0	1.0	0.9666690857215435	1.0	1.0	0.9630120335088893	1.0	1.0	1.0	1.0	1.0	1.0	0.9735722755670381	1.0	1.0	0.9762533877333437	0.9671968475125945	1.0	1.0	1.0	1.0	1.0
247	256438	0.2212461619277151	0.23352145880239822	0.3736956890943754	0.30539262921818233	0.3509466722759099	0.1458068665642866	0.05990913795755008	0.31990721012718415	0.24262521089631306	0.395299490764079	0.282551282789826	0.40265735851042095	0.06260303782530809	0.3638505020527036	0	0.20625864544367992	0.9678312893556024	0.9577655723809856	0.9483793118537373	0.9705058510639639	1.0	0.9406668829251855	0.9679845376743197	1.0	1.0	0.9787146360384038	1.0	1.0	1.0	1.0	1.0	1.0	1.0	1.0	1.0	1.0	0.964639388009386	1.0	1.0	1.0	1.0	1.0	1.0	1.0	1.0	1.0	1.0	0.9792798366850244	1.0	0.8629994907986236	0.9630975687356449	1.0	1.0	1.0	1.0	1.0	1.0	1.0	1.0	1.0	1.0	1.0	1.0	1.0	1.0	1.0	1.0	1.0	1.0	1.0	1.0	1.0	1.0	1.0	1.0	1.0	1.0	0.9612549757095074	1.0	1.0	1.0	1.0	1.0	1.0	1.0	0.9713342218172556	0.9773374167369105	1.0	1.0	1.0	1.0	1.0	1.0	0.9753104653481903	0.9695439063813317	1.0	1.0	1.0	1.0	1.0	1.0	1.0	1.0	1.0	1.0	1.0	1.0	1.0	1.0	1.0	1.0	0.9783512172541554	0.9617440260575668	0.9737832069378525	0.9710212768540357	1.0	1.0	1.0	1.0	1.0	1.0	1.0	1.0	1.0	1.0	1.0	1.0	1.0	1.0	1.0	0.9625323121084617	0.9725051606460987	1.0	1.0	1.0	1.0	1.0	1.0	1.0	1.0	1.0	1.0	1.0	0.9738805102085675	1.0	1.0	1.0	1.0	1.0	1.0	1.0	0.9701094381719091	0.9714912583491774	1.0	1.0	1.0	1.0	1.0	1.0	1.0	1.0	1.0	0.973307528158852	0.9786178405118441	0.979509734872079	0.9714330006044191	1.0	0.9691117013586114	1.0	0.9738395277373695	1.0	1.0	1.0	0.9666690857215435	1.0	1.0	0.9630120335088893	1.0	1.0	1.0	1.0	1.0	1.0	0.973572275567038	1.0	1.0	0.9762533877333435	0.9671968475125945	1.0	1.0	1.0	1.0	1.0
248	256439	0.3390571902043801	0.3240655806074325	0.24560310140769007	0.1945595941935043	0.32051094514073164	0.19429007709339033	0.22899102678877284	0.3695267017766034	0.19134849464643633	0.2675743700788964	0.2504854220259321	0.4723410262139835	0.2198610676618296	0.24367915501205775	0.20625864544367992	0	0.9678312893556024	0.9577655723809854	0.9483793118537371	0.9705058510639639	1.0	0.9406668829251855	0.96798453767432	1.0	1.0	0.9787146360384038	1.0	1.0	1.0	1.0	1.0	1.0	1.0	1.0	1.0	1.0	0.9646393880093858	1.0	1.0	1.0	1.0	1.0	1.0	1.0	1.0	1.0	1.0	0.9792798366850242	1.0	0.8833673625676349	0.9630975687356448	1.0	1.0	1.0	1.0	1.0	1.0	1.0	1.0	1.0	1.0	1.0	1.0	1.0	1.0	1.0	1.0	1.0	1.0	1.0	1.0	1.0	1.0	1.0	1.0	1.0	1.0	0.9612549757095074	1.0	1.0	1.0	1.0	1.0	1.0	1.0	0.9713342218172556	0.9773374167369104	1.0	1.0	1.0	1.0	1.0	1.0	0.9753104653481903	0.9695439063813317	1.0	1.0	1.0	1.0	1.0	1.0	1.0	1.0	1.0	1.0	1.0	1.0	1.0	1.0	1.0	1.0	0.9783512172541554	0.9617440260575668	0.9737832069378526	0.9710212768540362	1.0	1.0	1.0	1.0	1.0	1.0	1.0	1.0	1.0	1.0	1.0	1.0	1.0	1.0	1.0	0.9625323121084619	0.9725051606460987	1.0	1.0	1.0	1.0	1.0	1.0	1.0	1.0	1.0	1.0	1.0	0.9738805102085677	1.0	1.0	1.0	1.0	1.0	1.0	1.0	0.9701094381719093	0.9714912583491776	1.0	1.0	1.0	1.0	1.0	1.0	1.0	1.0	1.0	0.9733075281588521	0.9786178405118441	0.979509734872079	0.9714330006044193	1.0	0.9691117013586112	1.0	0.9738395277373693	1.0	1.0	1.0	0.9666690857215435	1.0	1.0	0.9630120335088893	1.0	1.0	1.0	1.0	1.0	1.0	0.9735722755670378	1.0	1.0	0.9762533877333437	0.9671968475125942	1.0	1.0	1.0	1.0	1.0
DL01	256440	0.9678312893556026	0.9023408626401426	0.9678312893556024	0.9678312893556024	0.9004700107877863	0.9678312893556024	0.9678312893556024	0.9678312893556024	0.9678312893556026	0.9678312893556024	0.9093461547024446	0.8630169117398692	0.9678312893556024	0.9678312893556026	0.9678312893556024	0.9678312893556024	0	0.30586603417365815	0.2616967739551964	0.23552299103120858	0.14761493471055281	0.2890375965691732	0.2703811162378593	0.20187292361461426	0.26245174357432377	0.17545180746946507	0.1688223629258685	0.16659029027075706	0.16804179214540568	0.1553466982380164	0.26329829005965855	0.1499769973308775	0.29908215337279065	0.30024659993664365	0.15930585276403741	0.22099182366045475	0.30142966418641176	0.28483797100160346	0.13390332946353944	0.14139248948859776	0.2640201467660153	0.16879756344817923	0.141049345572702	0.14832745132174885	0.1676781565603176	0.1160475690226895	0.22239669543370988	0.2610443097735901	0.24963697644080807	0.4216167581576211	0.24471156814653727	0.3402998296549875	0.23351196252766007	0.26719767219119755	0.3365682432279889	0.2457972720758697	0.24066863903498992	0.26355901457794945	0.23934757554911706	0.23782399881441865	0.23421037025891445	0.2389109081275854	0.2056464710124209	0.27724354169546106	0.20718049324492682	0.22013917409253345	0.24824499017666043	0.23356770757258766	0.2618632378006057	0.24800147988656196	0.27096653336313886	0.2379335320968197	0.24216812935950724	0.25088694629767255	0.2943975481041081	0.28855022949097003	0.5179355723800226	0.3036022862140708	0.23977941591056423	0.24456381698633964	0.2662044557371048	0.2724683033668276	0.2586455393924359	0.2727694804298973	0.2337588584342603	0.23232647995717762	0.23454638171536013	0.2828888385870858	0.26596872075972605	0.2311634955275436	0.22501574409487238	0.27513208162205927	0.28796954901459226	0.30004638173935577	0.3002264480069214	0.25084206049588426	0.2714433241380189	0.2625705857622186	0.2627362896601989	0.2964617353066834	0.2776324532859426	0.23545092958919522	0.2652729674566102	0.2578985973260068	0.2499937901662137	0.23178589878782263	0.27086196011839425	0.24194597749910254	0.17531876458299062	0.2890991154335824	0.2234391315076536	0.24500780264132613	0.2697353032579748	0.29796531018103456	0.24767560147017909	0.1734689418988982	0.15788307281791555	0.25030239006468696	0.16674315520980987	0.16555227805528314	0.18196277580035466	0.17669151049409856	0.24761717701561228	0.1779129021531252	0.2376293712538885	0.17663738750075741	0.2344100691938338	0.18688537546218803	0.19339981881754958	0.25375968036492336	0.18532068461367812	0.1385226656676196	0.1614764838777866	0.1545597055139108	0.20324951539470132	0.1961489567780233	0.12862769585087847	0.1814283174266635	0.24508239446533625	0.2057328464373042	0.21543444616273313	0.20526261135100612	0.22086940482517695	0.19458603704289582	0.2155969049425838	0.2358636703580311	0.23622915983086995	0.20216794793717494	0.1786555686254123	0.15372651506220067	0.19255825587570774	0.18593850319074567	0.15708778806022095	0.24453862970954315	0.21081258501261704	0.21457623861679875	0.20452800773785143	0.157558075199685	0.22203088958237135	0.24978608880997138	0.25104400666664883	0.18317139654972517	0.1756763825765561	0.1770846163894167	0.13825017390276761	0.2148000695144379	0.14390477728706835	0.1253972442362193	0.2896262177554329	0.25121542144270975	0.18596596536290994	0.2906366423865124	0.29373643513226894	0.2562182438823977	0.20013616061636869	0.1850128596689196	0.17839848311313605	0.2045642068649416	0.16088562232068954	0.1688537025517474	0.22166249986565367	0.14391941538178443	0.1483596564622005	0.12204080061520083	0.12180560530671883	0.16160815796904573	0.15892427693389424	0.14562110317302884	0.14004011777788455	0.17276085944426253	0.14355227222440148	0.2151571689768944	0.1930391855941821
