194
1          0.0000000 0.0038286 0.0038416 0.0115996 0.0234093 0.0076848 0.0234093 0.0274825 0.0076774 0.0115372 0.0274792 0.0274825 0.0077093 0.0274177 0.0076774 0.0076892 0.0116036 0.0274177 0.0315208 0.0076806 0.0077105 0.0076806 0.0079688 0.0077045 0.0076865 0.0115602 0.0076865 0.0076548 0.0155072 0.0076806 0.0274110 0.0038316 0.0273838 0.0000010 0.0076908 0.0275011 0.0076774 0.0077357 0.0115602 0.0077093 0.0038329 0.0038203 0.0077079 0.0274110 0.0076622 0.0115513 0.0116100 0.0076865 0.0274792 0.0274825 0.0274110 0.0116100 0.0076806 0.0116086 0.0195027 0.0077105 0.0154951 0.0115602 0.0077045 0.0316036 0.0076806 0.0274110 0.0038195 0.0274792 0.0077111 0.0116394 0.0115513 0.0077093 0.0076806 0.0039735 0.0076774 0.0077036 0.0038195 0.0154972 0.0314075 0.0115464 0.0038316 0.0076908 0.0273838 0.0316036 0.0321169 0.0274110 0.0534007 0.0356664 0.0438884 0.0038329 0.0314106 0.0579488 0.0038203 0.0482351 0.0397907 0.0275099 0.0535994 0.0315386 0.0491572 0.0536447 0.0355849 0.0440820 0.0314106 0.0356298 0.0275099 0.0326743 0.0274825 0.0354669 0.0579934 0.0155260 0.0077068 0.0118229 0.0076774 0.0154660 0.0439419 0.0038203 0.0273838 0.0076908 0.0116835 0.0038286 0.0076848 0.0077357 0.0038286 0.0116359 0.0115996 0.0273838 0.0116485 0.0155211 0.0046018 0.0076774 0.0076865 0.0193892 0.0316290 0.0315071 0.0076774 0.0399493 0.0461643 0.0115947 0.0115986 0.0274792 0.0115513 0.0274110 0.0038203 0.0076908 0.0116036 0.0076833 0.0076848 0.0115779 0.0155072 0.0273959 0.0038174 0.0115464 0.0038158 0.0077634 0.0194558 0.0274110 0.0077634 0.0076806 0.0194558 0.0115625 0.0077036 0.0077068 0.0155139 0.0274177 0.0076848 0.0274110 0.0275011 0.0116433 0.0274792 0.0076865 0.0076908 0.0076774 0.0076833 0.0155158 0.0076848 0.0358207 0.0038195 0.0315244 0.0038158 0.0356861 0.0318628 0.0239328 0.0077120 0.0076865 0.0156739 0.0038195 0.0275011 0.0038174 0.0275011 0.0275066 0.0234093 0.0043325 0.0154357 0.0076833 0.0076622 0.0116103 0.0077045 0.0076580 
2          0.0038286 0.0000000 0.0000010 0.0076854 0.0193866 0.0038189 0.0193866 0.0234093 0.0038152 0.0154761 0.0234063 0.0234093 0.0038310 0.0233543 0.0038152 0.0116036 0.0076880 0.0233543 0.0274077 0.0038168 0.0116359 0.0038168 0.0039591 0.0038286 0.0115996 0.0076595 0.0038197 0.0115513 0.0115586 0.0038168 0.0233488 0.0077093 0.0233258 0.0038416 0.0116060 0.0234248 0.0038152 0.0038440 0.0076595 0.0038310 0.0077120 0.0076865 0.0038303 0.0233488 0.0115625 0.0076536 0.0076923 0.0038197 0.0234063 0.0234093 0.0233488 0.0076923 0.0038168 0.0076913 0.0155051 0.0116359 0.0115496 0.0155072 0.0038286 0.0274792 0.0038168 0.0233488 0.0076848 0.0234063 0.0038319 0.0077116 0.0076536 0.0038310 0.0038168 0.0000010 0.0038152 0.0038281 0.0076848 0.0194899 0.0273099 0.0076505 0.0077093 0.0116060 0.0233258 0.0274792 0.0279233 0.0233488 0.0489722 0.0315034 0.0396454 0.0077120 0.0273128 0.0534568 0.0076865 0.0439330 0.0355849 0.0234325 0.0491527 0.0274231 0.0447681 0.0491938 0.0314320 0.0398188 0.0273128 0.0314712 0.0234325 0.0284043 0.0234093 0.0313288 0.0534972 0.0115724 0.0038297 0.0078324 0.0038152 0.0115281 0.0396935 0.0076865 0.0233258 0.0116060 0.0077406 0.0077033 0.0038189 0.0038440 0.0000010 0.0077093 0.0076854 0.0233258 0.0077176 0.0115689 0.0000010 0.0038152 0.0038197 0.0234093 0.0275011 0.0273959 0.0038152 0.0357260 0.0416867 0.0076822 0.0076848 0.0234063 0.0076536 0.0233488 0.0076865 0.0116060 0.0076880 0.0115947 0.0038189 0.0155311 0.0115586 0.0233360 0.0076806 0.0076505 0.0076774 0.0038577 0.0154674 0.0233488 0.0038577 0.0038168 0.0154674 0.0076611 0.0038281 0.0038297 0.0115635 0.0233543 0.0038189 0.0233488 0.0234248 0.0077141 0.0234063 0.0115996 0.0116060 0.0038152 0.0115947 0.0115650 0.0038189 0.0316390 0.0076848 0.0274110 0.0076774 0.0315208 0.0277034 0.0198167 0.0038323 0.0115996 0.0116818 0.0076848 0.0234248 0.0076806 0.0234248 0.0234295 0.0193866 0.0000010 0.0115057 0.0115947 0.0115625 0.0155749 0.0038286 0.0076806 
4          0.0038416 0.0000010 0.0000000 0.0077116 0.0194534 0.0038319 0.0194534 0.0234905 0.0038281 0.0155294 0.0234875 0.0234905 0.0038440 0.0234352 0.0038281 0.0116434 0.0077143 0.0234352 0.0275032 0.0038297 0.0116760 0.0038297 0.0039591 0.0038416 0.0116394 0.0076856 0.0038327 0.0115908 0.0115982 0.0038297 0.0234296 0.0077357 0.0234064 0.0038416 0.0116459 0.0235061 0.0038281 0.0038440 0.0076856 0.0038440 0.0077384 0.0077128 0.0038433 0.0234296 0.0116022 0.0076797 0.0077186 0.0038327 0.0234875 0.0234905 0.0234296 0.0077186 0.0038297 0.0077176 0.0155586 0.0116760 0.0115891 0.0155607 0.0038416 0.0275752 0.0038297 0.0234296 0.0077111 0.0234875 0.0038319 0.0077116 0.0076797 0.0038440 0.0038297 0.0000010 0.0038281 0.0038281 0.0077111 0.0195576 0.0274047 0.0076765 0.0077357 0.0116459 0.0234064 0.0275752 0.0280225 0.0234296 0.0491509 0.0316140 0.0397857 0.0077384 0.0274076 0.0536536 0.0077128 0.0440898 0.0357104 0.0235138 0.0493328 0.0275188 0.0449309 0.0493742 0.0315421 0.0399603 0.0274076 0.0315815 0.0235138 0.0285059 0.0234905 0.0314381 0.0536943 0.0116121 0.0038297 0.0078596 0.0038281 0.0115675 0.0398341 0.0077128 0.0234064 0.0116459 0.0077406 0.0077297 0.0038319 0.0038440 0.0000010 0.0077357 0.0077116 0.0234064 0.0077176 0.0116086 0.0000010 0.0038281 0.0038327 0.0234905 0.0275972 0.0274914 0.0038281 0.0358525 0.0418421 0.0077084 0.0077111 0.0234875 0.0076797 0.0234296 0.0077128 0.0116459 0.0077143 0.0116345 0.0038319 0.0155848 0.0115982 0.0234167 0.0077068 0.0076765 0.0077036 0.0038577 0.0155206 0.0234296 0.0038577 0.0038297 0.0155206 0.0076871 0.0038281 0.0038297 0.0116031 0.0234352 0.0038319 0.0234296 0.0235061 0.0077406 0.0234875 0.0116394 0.0116459 0.0038281 0.0116345 0.0116046 0.0038319 0.0317505 0.0077111 0.0275065 0.0077036 0.0316314 0.0278010 0.0198867 0.0038453 0.0116394 0.0116818 0.0077111 0.0235061 0.0077068 0.0235061 0.0235109 0.0194534 0.0000010 0.0115450 0.0116345 0.0116022 0.0156288 0.0038416 0.0077068 
5          0.0115996 0.0076854 0.0077116 0.0000000 0.0274143 0.0115699 0.0274143 0.0315286 0.0115586 0.0234483 0.0315250 0.0315286 0.0116070 0.0314540 0.0115586 0.0195331 0.0155291 0.0314540 0.0355972 0.0115635 0.0195884 0.0115635 0.0119990 0.0115996 0.0038310 0.0154709 0.0115724 0.0194450 0.0038176 0.0115635 0.0314461 0.0155727 0.0314148 0.0116394 0.0195374 0.0315502 0.0115586 0.0116469 0.0154709 0.0116070 0.0155780 0.0155260 0.0116048 0.0314461 0.0194632 0.0154588 0.0155378 0.0115724 0.0315250 0.0315286 0.0314461 0.0155378 0.0115635 0.0155361 0.0076810 0.0195884 0.0194425 0.0076822 0.0115996 0.0356912 0.0115635 0.0314461 0.0155225 0.0315250 0.0116095 0.0000010 0.0154588 0.0116070 0.0115635 0.0079774 0.0115586 0.0115982 0.0155225 0.0275634 0.0354687 0.0154522 0.0155727 0.0195374 0.0314148 0.0356912 0.0362724 0.0314461 0.0577401 0.0397831 0.0480655 0.0155780 0.0354720 0.0623405 0.0155260 0.0524611 0.0439403 0.0315602 0.0579564 0.0356174 0.0534673 0.0580056 0.0396916 0.0482790 0.0354720 0.0397421 0.0315602 0.0369050 0.0315286 0.0395591 0.0623892 0.0194805 0.0116031 0.0158241 0.0115586 0.0194057 0.0481244 0.0155260 0.0314148 0.0195374 0.0156368 0.0155605 0.0115699 0.0116469 0.0076854 0.0155727 0.0155239 0.0314148 0.0155898 0.0194740 0.0000010 0.0115586 0.0115724 0.0315286 0.0357200 0.0355816 0.0115586 0.0441160 0.0505695 0.0155172 0.0155225 0.0315250 0.0154588 0.0314461 0.0155260 0.0195374 0.0155291 0.0195181 0.0115699 0.0235324 0.0038176 0.0314289 0.0155139 0.0154522 0.0155072 0.0116887 0.0234351 0.0314461 0.0116887 0.0115635 0.0234351 0.0154740 0.0115982 0.0116031 0.0194652 0.0314540 0.0115699 0.0314461 0.0315502 0.0155828 0.0315250 0.0155727 0.0195374 0.0115586 0.0195181 0.0194675 0.0115699 0.0399556 0.0155225 0.0356011 0.0155072 0.0398050 0.0359847 0.0280295 0.0116109 0.0195266 0.0196671 0.0155225 0.0315502 0.0155139 0.0315502 0.0315565 0.0274143 0.0087012 0.0193676 0.0195181 0.0194632 0.0235986 0.0115996 0.0155139 
517        0.0234093 0.0193866 0.0194534 0.0274143 0.0000000 0.0233488 0.0000010 0.0038206 0.0233258 0.0274110 0.0038200 0.0038206 0.0234248 0.0038118 0.0233258 0.0315386 0.0194512 0.0038118 0.0076677 0.0154487 0.0316290 0.0233360 0.0242234 0.0234093 0.0315286 0.0273194 0.0233543 0.0313934 0.0314148 0.0233360 0.0038110 0.0275011 0.0038073 0.0234905 0.0315460 0.0038230 0.0233258 0.0235061 0.0273194 0.0234248 0.0275099 0.0274177 0.0155039 0.0038110 0.0234037 0.0272978 0.0274382 0.0233543 0.0038200 0.0038206 0.0038110 0.0274382 0.0233360 0.0274361 0.0355615 0.0316290 0.0154863 0.0355654 0.0234093 0.0076872 0.0233360 0.0038110 0.0274110 0.0038200 0.0234296 0.0275099 0.0272978 0.0234248 0.0233360 0.0201306 0.0233258 0.0234064 0.0274110 0.0397367 0.0076409 0.0193676 0.0275011 0.0315460 0.0038073 0.0076872 0.0078097 0.0038110 0.0279531 0.0115663 0.0194066 0.0275099 0.0076419 0.0321844 0.0274177 0.0234569 0.0154832 0.0038243 0.0280526 0.0076720 0.0238949 0.0280753 0.0115408 0.0194877 0.0076419 0.0115546 0.0038243 0.0079408 0.0038206 0.0115041 0.0322069 0.0314540 0.0234167 0.0279498 0.0233258 0.0313288 0.0194295 0.0274177 0.0038073 0.0315460 0.0276159 0.0274792 0.0233488 0.0235061 0.0193866 0.0275011 0.0194448 0.0038073 0.0275318 0.0314420 0.0233648 0.0233258 0.0233543 0.0038206 0.0076932 0.0076646 0.0233258 0.0155437 0.0203818 0.0274022 0.0274110 0.0038200 0.0115447 0.0038110 0.0274177 0.0315460 0.0194512 0.0315144 0.0233488 0.0356207 0.0314148 0.0038089 0.0194321 0.0272858 0.0194366 0.0235901 0.0038110 0.0038110 0.0235901 0.0233360 0.0038110 0.0193821 0.0234064 0.0155018 0.0234063 0.0038118 0.0233488 0.0038110 0.0038230 0.0275196 0.0038200 0.0315286 0.0315460 0.0154522 0.0315144 0.0076510 0.0233488 0.0116154 0.0274110 0.0115447 0.0273838 0.0115727 0.0077490 0.0000010 0.0234325 0.0315286 0.0317586 0.0274110 0.0038230 0.0273959 0.0038230 0.0115431 0.0000010 0.0219743 0.0233028 0.0315144 0.0314247 0.0357240 0.0234093 0.0273959 
7          0.0076848 0.0038189 0.0038319 0.0115699 0.0233488 0.0000000 0.0233488 0.0274110 0.0076579 0.0194166 0.0274077 0.0274110 0.0076896 0.0273464 0.0076579 0.0155277 0.0115738 0.0273464 0.0314383 0.0076611 0.0155713 0.0076611 0.0079478 0.0076848 0.0155225 0.0115307 0.0076670 0.0154574 0.0154674 0.0076611 0.0273398 0.0116060 0.0273128 0.0077111 0.0155311 0.0274294 0.0076579 0.0077159 0.0115307 0.0076896 0.0116100 0.0115715 0.0076883 0.0194057 0.0154726 0.0115218 0.0115802 0.0076670 0.0274077 0.0274110 0.0273398 0.0038360 0.0076611 0.0115789 0.0194532 0.0155713 0.0154553 0.0194558 0.0076848 0.0315208 0.0076611 0.0273398 0.0115689 0.0274077 0.0076914 0.0116095 0.0115218 0.0076896 0.0076611 0.0039631 0.0076579 0.0076839 0.0115689 0.0234748 0.0313257 0.0115169 0.0116060 0.0155311 0.0273128 0.0315208 0.0320314 0.0273398 0.0447681 0.0355725 0.0355849 0.0116100 0.0313288 0.0492086 0.0115715 0.0398310 0.0315460 0.0274382 0.0449322 0.0314561 0.0405867 0.0449697 0.0274294 0.0357397 0.0313288 0.0355361 0.0274382 0.0325857 0.0274110 0.0353741 0.0492453 0.0154861 0.0076871 0.0078324 0.0076579 0.0076653 0.0438251 0.0115715 0.0273128 0.0155311 0.0116534 0.0115970 0.0076653 0.0077159 0.0038189 0.0116060 0.0115699 0.0273128 0.0116186 0.0154811 0.0045879 0.0076579 0.0076670 0.0274110 0.0315460 0.0314247 0.0076579 0.0398432 0.0460352 0.0115650 0.0115689 0.0274077 0.0115218 0.0273398 0.0115715 0.0155311 0.0115738 0.0155158 0.0076653 0.0194848 0.0154674 0.0273248 0.0115625 0.0115169 0.0115577 0.0077435 0.0194057 0.0273398 0.0077435 0.0076611 0.0194057 0.0115330 0.0076839 0.0076871 0.0154740 0.0273464 0.0076653 0.0273398 0.0274294 0.0116134 0.0274077 0.0155225 0.0155311 0.0076579 0.0155158 0.0154759 0.0076653 0.0357260 0.0115689 0.0314420 0.0115577 0.0355921 0.0317785 0.0238696 0.0076923 0.0155225 0.0156332 0.0115689 0.0274294 0.0115625 0.0274294 0.0274349 0.0233488 0.0043201 0.0153972 0.0155158 0.0154726 0.0195400 0.0076848 0.0115625 
518        0.0234093 0.0193866 0.0194534 0.0274143 0.0000010 0.0233488 0.0000000 0.0038035 0.0233258 0.0274110 0.0038200 0.0038206 0.0234248 0.0038118 0.0233258 0.0315386 0.0194512 0.0038118 0.0076677 0.0154487 0.0316290 0.0233360 0.0242234 0.0234093 0.0315286 0.0273194 0.0233543 0.0313934 0.0314148 0.0233360 0.0038110 0.0275011 0.0038073 0.0234905 0.0315460 0.0038230 0.0233258 0.0235061 0.0273194 0.0234248 0.0275099 0.0274177 0.0155039 0.0038110 0.0234037 0.0272978 0.0274382 0.0233543 0.0038200 0.0038206 0.0038110 0.0274382 0.0233360 0.0274361 0.0355615 0.0316290 0.0154863 0.0355654 0.0234093 0.0076526 0.0233360 0.0038110 0.0274110 0.0038200 0.0234296 0.0275099 0.0272978 0.0234248 0.0233360 0.0201306 0.0233258 0.0234064 0.0274110 0.0397367 0.0076409 0.0193676 0.0275011 0.0315460 0.0038073 0.0076872 0.0078097 0.0038110 0.0279531 0.0115663 0.0194066 0.0275099 0.0076419 0.0321844 0.0274177 0.0234569 0.0154832 0.0038243 0.0280526 0.0076720 0.0238949 0.0280753 0.0115408 0.0194877 0.0076077 0.0115546 0.0038243 0.0079408 0.0038206 0.0115041 0.0322069 0.0314540 0.0234167 0.0279498 0.0233258 0.0313288 0.0194295 0.0274177 0.0038073 0.0315460 0.0276159 0.0274792 0.0233488 0.0235061 0.0193866 0.0275011 0.0194448 0.0038073 0.0275318 0.0314420 0.0233648 0.0233258 0.0233543 0.0038206 0.0076932 0.0076646 0.0233258 0.0155437 0.0203818 0.0274022 0.0274110 0.0038200 0.0115447 0.0038110 0.0274177 0.0315460 0.0194512 0.0315144 0.0233488 0.0356207 0.0314148 0.0038089 0.0194321 0.0272858 0.0194366 0.0235901 0.0038110 0.0038110 0.0235901 0.0233360 0.0038110 0.0193821 0.0234064 0.0155018 0.0234063 0.0038118 0.0233488 0.0037939 0.0038230 0.0275196 0.0038200 0.0315286 0.0315460 0.0154522 0.0315144 0.0076510 0.0233488 0.0116154 0.0274110 0.0114927 0.0273838 0.0115727 0.0077490 0.0000010 0.0234325 0.0315286 0.0317586 0.0274110 0.0038230 0.0273959 0.0038230 0.0115431 0.0000010 0.0219743 0.0233028 0.0315144 0.0314247 0.0357240 0.0234093 0.0273959 
519        0.0274825 0.0234093 0.0234905 0.0315286 0.0038206 0.0274110 0.0038035 0.0000000 0.0273838 0.0315244 0.0076872 0.0000010 0.0275011 0.0076705 0.0273838 0.0357063 0.0234878 0.0076705 0.0115727 0.0194321 0.0358095 0.0273959 0.0284445 0.0274825 0.0356952 0.0314184 0.0274177 0.0355408 0.0355654 0.0273959 0.0076688 0.0316290 0.0076614 0.0275786 0.0357149 0.0076932 0.0273838 0.0275972 0.0314184 0.0275011 0.0316390 0.0315323 0.0195009 0.0076688 0.0274758 0.0313934 0.0315560 0.0274177 0.0076872 0.0076884 0.0076688 0.0315560 0.0273959 0.0315538 0.0397647 0.0358095 0.0194788 0.0397688 0.0274825 0.0038006 0.0273959 0.0076688 0.0315244 0.0076872 0.0275065 0.0316393 0.0313934 0.0275011 0.0273959 0.0243135 0.0273838 0.0274791 0.0315244 0.0439902 0.0115320 0.0233862 0.0316290 0.0357149 0.0076614 0.0116024 0.0117881 0.0076688 0.0321515 0.0155177 0.0234336 0.0316390 0.0115335 0.0364416 0.0315323 0.0275388 0.0194749 0.0076958 0.0322670 0.0115792 0.0280560 0.0322934 0.0154832 0.0235336 0.0114815 0.0155020 0.0076958 0.0119876 0.0076884 0.0154336 0.0364676 0.0356102 0.0274914 0.0321487 0.0273838 0.0354669 0.0234615 0.0315323 0.0076614 0.0357149 0.0317623 0.0316036 0.0274110 0.0275972 0.0234093 0.0316290 0.0234801 0.0076614 0.0316647 0.0355960 0.0282502 0.0273838 0.0274177 0.0076884 0.0116114 0.0115679 0.0273838 0.0195514 0.0246195 0.0315144 0.0315244 0.0076872 0.0154885 0.0076688 0.0315323 0.0357149 0.0234878 0.0356789 0.0274110 0.0398310 0.0355654 0.0076646 0.0234645 0.0313794 0.0234701 0.0276975 0.0076688 0.0076688 0.0276975 0.0273959 0.0076688 0.0234037 0.0274791 0.0194983 0.0274792 0.0076705 0.0274110 0.0076343 0.0076932 0.0316507 0.0076872 0.0356952 0.0357149 0.0194366 0.0356789 0.0115473 0.0274110 0.0155840 0.0315244 0.0154182 0.0314929 0.0155263 0.0116961 0.0039045 0.0275099 0.0356952 0.0359578 0.0315244 0.0076932 0.0315071 0.0076932 0.0154863 0.0038206 0.0265573 0.0273567 0.0356789 0.0355765 0.0399475 0.0274825 0.0315071 
8196       0.0076774 0.0038152 0.0038281 0.0115586 0.0233258 0.0076579 0.0233258 0.0273838 0.0000000 0.0193975 0.0273805 0.0273838 0.0076822 0.0273194 0.0076505 0.0155125 0.0115625 0.0273194 0.0314070 0.0076536 0.0155559 0.0076536 0.0039591 0.0076774 0.0155072 0.0115195 0.0076595 0.0154423 0.0154522 0.0076536 0.0273128 0.0115947 0.0272858 0.0077036 0.0155158 0.0274022 0.0076505 0.0077084 0.0115195 0.0076822 0.0115986 0.0115602 0.0076808 0.0273128 0.0154574 0.0115106 0.0115689 0.0076595 0.0273805 0.0273838 0.0273128 0.0115689 0.0076536 0.0115676 0.0194341 0.0155559 0.0154402 0.0194366 0.0076774 0.0314893 0.0076536 0.0273128 0.0115577 0.0273805 0.0076839 0.0115982 0.0115106 0.0076822 0.0076536 0.0000010 0.0076505 0.0076765 0.0115577 0.0234516 0.0312946 0.0115057 0.0115947 0.0155158 0.0272858 0.0314893 0.0319988 0.0273128 0.0531990 0.0355369 0.0437276 0.0115986 0.0312977 0.0577280 0.0115602 0.0480569 0.0396454 0.0274110 0.0533961 0.0314247 0.0489722 0.0534411 0.0354559 0.0439198 0.0312977 0.0355005 0.0274110 0.0325520 0.0273838 0.0353388 0.0577723 0.0154709 0.0076797 0.0117803 0.0076505 0.0154112 0.0396935 0.0115602 0.0272858 0.0155158 0.0116419 0.0115856 0.0076579 0.0077084 0.0038152 0.0115947 0.0115586 0.0272858 0.0116072 0.0154660 0.0045825 0.0076505 0.0076595 0.0273838 0.0315144 0.0313934 0.0076505 0.0398029 0.0459861 0.0115537 0.0115577 0.0273805 0.0115106 0.0273128 0.0115602 0.0155158 0.0115625 0.0155006 0.0076579 0.0194655 0.0154522 0.0272978 0.0115513 0.0115057 0.0115464 0.0077359 0.0193866 0.0273128 0.0077359 0.0076536 0.0193866 0.0115218 0.0076765 0.0076797 0.0154588 0.0273194 0.0076579 0.0273128 0.0274022 0.0116020 0.0273805 0.0155072 0.0155158 0.0076505 0.0155006 0.0154607 0.0076579 0.0356900 0.0115577 0.0314106 0.0115464 0.0315208 0.0317465 0.0238455 0.0076848 0.0155072 0.0156177 0.0115577 0.0274022 0.0115513 0.0274022 0.0274077 0.0233258 0.0043154 0.0153822 0.0155006 0.0154574 0.0195207 0.0076774 0.0115513 
1098762    0.0115372 0.0154761 0.0155294 0.0234483 0.0274110 0.0194166 0.0274110 0.0315244 0.0193975 0.0000000 0.0315208 0.0315244 0.0194786 0.0314498 0.0193975 0.0194276 0.0155277 0.0314498 0.0355921 0.0115625 0.0194811 0.0194059 0.0160532 0.0194658 0.0194211 0.0233675 0.0194211 0.0193397 0.0274298 0.0194059 0.0314420 0.0154882 0.0314106 0.0115767 0.0194318 0.0274943 0.0193975 0.0195462 0.0233675 0.0194786 0.0154934 0.0154420 0.0116038 0.0314420 0.0038211 0.0233491 0.0234689 0.0194211 0.0315208 0.0315244 0.0314420 0.0234689 0.0194059 0.0234669 0.0315428 0.0194811 0.0194405 0.0233675 0.0194658 0.0356861 0.0194059 0.0314420 0.0154385 0.0315208 0.0194827 0.0235298 0.0233491 0.0194786 0.0194059 0.0120061 0.0193975 0.0194634 0.0154385 0.0274114 0.0354636 0.0233389 0.0154882 0.0194318 0.0314106 0.0356861 0.0362670 0.0314420 0.0577280 0.0397769 0.0480569 0.0154934 0.0354669 0.0623266 0.0154420 0.0524511 0.0439330 0.0315560 0.0579442 0.0356122 0.0534568 0.0579934 0.0396854 0.0482703 0.0354669 0.0397359 0.0315560 0.0368993 0.0315244 0.0395530 0.0623753 0.0274638 0.0194719 0.0239052 0.0193975 0.0273552 0.0398391 0.0154420 0.0314106 0.0194318 0.0236193 0.0154761 0.0194166 0.0195462 0.0154761 0.0235224 0.0155225 0.0314106 0.0235485 0.0274537 0.0186434 0.0193975 0.0194211 0.0233517 0.0357149 0.0355765 0.0193975 0.0441086 0.0505597 0.0234380 0.0234457 0.0315208 0.0154574 0.0314420 0.0154420 0.0194318 0.0155277 0.0194127 0.0194166 0.0234034 0.0274298 0.0314247 0.0076622 0.0233389 0.0154234 0.0196168 0.0234325 0.0314420 0.0196168 0.0194059 0.0234325 0.0154726 0.0194634 0.0116022 0.0194632 0.0314498 0.0194166 0.0314420 0.0315460 0.0235380 0.0315208 0.0194211 0.0194318 0.0193975 0.0194127 0.0274449 0.0194166 0.0399493 0.0154385 0.0355960 0.0154234 0.0397987 0.0359794 0.0280260 0.0194850 0.0194211 0.0277288 0.0154385 0.0315460 0.0154300 0.0315460 0.0315523 0.0274110 0.0175378 0.0273011 0.0194127 0.0193586 0.0234698 0.0194658 0.0193480 
525        0.0274792 0.0234063 0.0234875 0.0315250 0.0038200 0.0274077 0.0038200 0.0076872 0.0273805 0.0315208 0.0000000 0.0076872 0.0274977 0.0076693 0.0273805 0.0357024 0.0234848 0.0076693 0.0115710 0.0194295 0.0358055 0.0273926 0.0284410 0.0274792 0.0356912 0.0314148 0.0274143 0.0355369 0.0355615 0.0273926 0.0076677 0.0316253 0.0076602 0.0275752 0.0357109 0.0076920 0.0273805 0.0275939 0.0314148 0.0274977 0.0316353 0.0315286 0.0194983 0.0076677 0.0274725 0.0313898 0.0315523 0.0274143 0.0076861 0.0076872 0.0076677 0.0315523 0.0273926 0.0315502 0.0397605 0.0358055 0.0194763 0.0397647 0.0274792 0.0116007 0.0273926 0.0076677 0.0315208 0.0076861 0.0275032 0.0316357 0.0313898 0.0274977 0.0273926 0.0243104 0.0273805 0.0274758 0.0315208 0.0439859 0.0115303 0.0233832 0.0316253 0.0357109 0.0076602 0.0116007 0.0117864 0.0076677 0.0321478 0.0155156 0.0234307 0.0316353 0.0115319 0.0364376 0.0315286 0.0275355 0.0194724 0.0076947 0.0322632 0.0115776 0.0280526 0.0322896 0.0154811 0.0235306 0.0115319 0.0154999 0.0076947 0.0119858 0.0076872 0.0154315 0.0364635 0.0356063 0.0274880 0.0321449 0.0273805 0.0354631 0.0234586 0.0315286 0.0076602 0.0357109 0.0317586 0.0316000 0.0274077 0.0275939 0.0234063 0.0316253 0.0234771 0.0076602 0.0316611 0.0355921 0.0282461 0.0273805 0.0274143 0.0076872 0.0116098 0.0115663 0.0273805 0.0195488 0.0246162 0.0315108 0.0315208 0.0076861 0.0154863 0.0076677 0.0315286 0.0357109 0.0234848 0.0356749 0.0274077 0.0398269 0.0355615 0.0076634 0.0234615 0.0313757 0.0234671 0.0276941 0.0076677 0.0076677 0.0276941 0.0273926 0.0076677 0.0234008 0.0274758 0.0194957 0.0274759 0.0076693 0.0274077 0.0076677 0.0076920 0.0316470 0.0076861 0.0356912 0.0357109 0.0194341 0.0356749 0.0115457 0.0274077 0.0155818 0.0315208 0.0154863 0.0314893 0.0155242 0.0116944 0.0039039 0.0275066 0.0356912 0.0359538 0.0315208 0.0076920 0.0315034 0.0076920 0.0154842 0.0038200 0.0219743 0.0273533 0.0356749 0.0355725 0.0399433 0.0274792 0.0315034 
526        0.0274825 0.0234093 0.0234905 0.0315286 0.0038206 0.0274110 0.0038206 0.0000010 0.0273838 0.0315244 0.0076872 0.0000000 0.0275011 0.0076705 0.0273838 0.0357063 0.0234878 0.0076705 0.0115727 0.0194321 0.0358095 0.0273959 0.0284445 0.0274825 0.0356952 0.0314184 0.0274177 0.0355408 0.0355654 0.0273959 0.0076688 0.0316290 0.0076614 0.0275786 0.0357149 0.0076932 0.0273838 0.0275972 0.0314184 0.0275011 0.0316390 0.0315323 0.0195009 0.0076688 0.0274758 0.0313934 0.0315560 0.0274177 0.0076872 0.0076884 0.0076688 0.0315560 0.0273959 0.0315538 0.0397647 0.0358095 0.0194788 0.0397688 0.0274825 0.0038177 0.0273959 0.0076688 0.0315244 0.0076872 0.0275065 0.0316393 0.0313934 0.0275011 0.0273959 0.0243135 0.0273838 0.0274791 0.0315244 0.0439902 0.0115320 0.0233862 0.0316290 0.0357149 0.0076614 0.0116024 0.0117881 0.0076688 0.0321515 0.0155177 0.0234336 0.0316390 0.0115335 0.0364416 0.0315323 0.0275388 0.0194749 0.0076958 0.0322670 0.0115792 0.0280560 0.0322934 0.0154832 0.0235336 0.0115335 0.0155020 0.0076958 0.0119876 0.0076884 0.0154336 0.0364676 0.0356102 0.0274914 0.0321487 0.0273838 0.0354669 0.0234615 0.0315323 0.0076614 0.0357149 0.0317623 0.0316036 0.0274110 0.0275972 0.0234093 0.0316290 0.0234801 0.0076614 0.0316647 0.0355960 0.0282502 0.0273838 0.0274177 0.0076884 0.0116114 0.0115679 0.0273838 0.0195514 0.0246195 0.0315144 0.0315244 0.0076872 0.0154885 0.0076688 0.0315323 0.0357149 0.0234878 0.0356789 0.0274110 0.0398310 0.0355654 0.0076646 0.0234645 0.0313794 0.0234701 0.0276975 0.0076688 0.0076688 0.0276975 0.0273959 0.0076688 0.0234037 0.0274791 0.0194983 0.0274792 0.0076705 0.0274110 0.0076688 0.0076932 0.0316507 0.0076872 0.0356952 0.0357149 0.0194366 0.0356789 0.0115473 0.0274110 0.0155840 0.0315244 0.0154885 0.0314929 0.0155263 0.0116961 0.0039045 0.0275099 0.0356952 0.0359578 0.0315244 0.0076932 0.0315071 0.0076932 0.0154863 0.0038206 0.0265573 0.0273567 0.0356789 0.0355765 0.0399475 0.0274825 0.0315071 
15         0.0077093 0.0038310 0.0038440 0.0116070 0.0234248 0.0076896 0.0234248 0.0275011 0.0076822 0.0194786 0.0274977 0.0275011 0.0000000 0.0274361 0.0076822 0.0155780 0.0116109 0.0274361 0.0315423 0.0076854 0.0156218 0.0076854 0.0079740 0.0077093 0.0155727 0.0115676 0.0076913 0.0155072 0.0155172 0.0076854 0.0274294 0.0116433 0.0274022 0.0077357 0.0155814 0.0275196 0.0076822 0.0000010 0.0115676 0.0077141 0.0116473 0.0116086 0.0077128 0.0274294 0.0155225 0.0115586 0.0116174 0.0076913 0.0274977 0.0275011 0.0274294 0.0116174 0.0076854 0.0038184 0.0195155 0.0156218 0.0155051 0.0195181 0.0077093 0.0316253 0.0076854 0.0274294 0.0116060 0.0274977 0.0077159 0.0116469 0.0115586 0.0077141 0.0076854 0.0039761 0.0076822 0.0077084 0.0116060 0.0235517 0.0314289 0.0115537 0.0038273 0.0155814 0.0274022 0.0316253 0.0321393 0.0274294 0.0534411 0.0356912 0.0439198 0.0116473 0.0314320 0.0579934 0.0116086 0.0482703 0.0398188 0.0275285 0.0536400 0.0315602 0.0491938 0.0536854 0.0356096 0.0441137 0.0314320 0.0356545 0.0275285 0.0326975 0.0275011 0.0354915 0.0580381 0.0076601 0.0077116 0.0118306 0.0076822 0.0154759 0.0439734 0.0116086 0.0274022 0.0155814 0.0038426 0.0116342 0.0076896 0.0077406 0.0038310 0.0116433 0.0116070 0.0274022 0.0038313 0.0155311 0.0046053 0.0076822 0.0076913 0.0275011 0.0316507 0.0315286 0.0076822 0.0399777 0.0416867 0.0038139 0.0116060 0.0274977 0.0115586 0.0274294 0.0116086 0.0155814 0.0116109 0.0155660 0.0076896 0.0195483 0.0155172 0.0274143 0.0115996 0.0115537 0.0115947 0.0077683 0.0194675 0.0274294 0.0077683 0.0076854 0.0194675 0.0115699 0.0077084 0.0077116 0.0155239 0.0274361 0.0076896 0.0274294 0.0275196 0.0038296 0.0274977 0.0155727 0.0155814 0.0076822 0.0155660 0.0155258 0.0076896 0.0358457 0.0116060 0.0315460 0.0115947 0.0357109 0.0318848 0.0239491 0.0077168 0.0155727 0.0077318 0.0116060 0.0275196 0.0115996 0.0275196 0.0275251 0.0234248 0.0043355 0.0154456 0.0155660 0.0155225 0.0196039 0.0077093 0.0115996 
529        0.0274177 0.0233543 0.0234352 0.0314540 0.0038118 0.0273464 0.0038118 0.0076705 0.0273194 0.0314498 0.0076693 0.0076705 0.0274361 0.0000000 0.0273194 0.0356213 0.0234325 0.0076527 0.0115457 0.0193866 0.0357240 0.0273314 0.0283750 0.0274177 0.0356102 0.0313443 0.0273531 0.0354565 0.0354810 0.0273314 0.0076510 0.0315538 0.0076436 0.0275132 0.0356298 0.0076753 0.0273194 0.0275318 0.0313443 0.0274361 0.0315638 0.0314576 0.0194560 0.0076510 0.0274110 0.0313194 0.0314812 0.0273531 0.0076693 0.0076705 0.0076510 0.0314812 0.0273314 0.0314791 0.0396699 0.0357240 0.0194341 0.0396740 0.0274177 0.0115753 0.0273314 0.0076510 0.0314498 0.0076693 0.0274415 0.0315642 0.0313194 0.0274361 0.0273314 0.0242542 0.0273194 0.0274143 0.0314498 0.0438848 0.0115052 0.0233313 0.0315538 0.0356298 0.0076436 0.0115753 0.0117601 0.0076510 0.0320739 0.0154813 0.0233786 0.0315638 0.0115067 0.0363531 0.0314576 0.0274737 0.0194302 0.0076779 0.0321888 0.0115522 0.0279884 0.0322151 0.0154470 0.0234780 0.0115067 0.0154657 0.0076779 0.0119586 0.0076705 0.0153986 0.0363789 0.0355256 0.0274264 0.0320711 0.0273194 0.0353831 0.0234063 0.0314576 0.0076436 0.0356298 0.0316865 0.0315286 0.0273464 0.0275318 0.0233543 0.0315538 0.0234248 0.0076436 0.0315894 0.0355115 0.0281702 0.0273194 0.0273531 0.0076705 0.0115843 0.0115409 0.0273194 0.0195053 0.0245586 0.0314398 0.0314498 0.0076693 0.0154522 0.0076510 0.0314576 0.0356298 0.0234325 0.0355940 0.0273464 0.0397359 0.0354810 0.0076468 0.0234093 0.0313054 0.0234149 0.0276316 0.0076510 0.0076510 0.0276316 0.0273314 0.0076510 0.0233488 0.0274143 0.0194534 0.0274143 0.0076527 0.0273464 0.0076510 0.0076753 0.0315754 0.0076693 0.0356102 0.0356298 0.0193911 0.0355940 0.0115204 0.0273464 0.0155473 0.0314498 0.0154522 0.0314184 0.0154899 0.0116686 0.0038953 0.0274449 0.0356102 0.0358716 0.0314498 0.0076753 0.0314325 0.0076753 0.0154501 0.0038118 0.0264866 0.0272924 0.0355940 0.0354920 0.0398518 0.0274177 0.0314325 
20         0.0076774 0.0038152 0.0038281 0.0115586 0.0233258 0.0076579 0.0233258 0.0273838 0.0076505 0.0193975 0.0273805 0.0273838 0.0076822 0.0273194 0.0000000 0.0155125 0.0115625 0.0273194 0.0314070 0.0076536 0.0155559 0.0076536 0.0079398 0.0076774 0.0155072 0.0038160 0.0076595 0.0154423 0.0076779 0.0076536 0.0273128 0.0115947 0.0272858 0.0077036 0.0155158 0.0274022 0.0076505 0.0077084 0.0038160 0.0076822 0.0115986 0.0115602 0.0076808 0.0273128 0.0154574 0.0115106 0.0115689 0.0076595 0.0273805 0.0273838 0.0273128 0.0115689 0.0076536 0.0115676 0.0194341 0.0155559 0.0154402 0.0194366 0.0076774 0.0314893 0.0076536 0.0273128 0.0115577 0.0273805 0.0076839 0.0115982 0.0038131 0.0076822 0.0076536 0.0039591 0.0076505 0.0076765 0.0115577 0.0234516 0.0312946 0.0038116 0.0115947 0.0155158 0.0272858 0.0314893 0.0319988 0.0273128 0.0531990 0.0355369 0.0437276 0.0115986 0.0312977 0.0577280 0.0115602 0.0480569 0.0396454 0.0274110 0.0533961 0.0314247 0.0489722 0.0534411 0.0354559 0.0439198 0.0312977 0.0355005 0.0274110 0.0325520 0.0273838 0.0353388 0.0577723 0.0154709 0.0076797 0.0117803 0.0076505 0.0154112 0.0437807 0.0115602 0.0272858 0.0155158 0.0116419 0.0115856 0.0076579 0.0077084 0.0038152 0.0115947 0.0115586 0.0272858 0.0116072 0.0154660 0.0045825 0.0076505 0.0076595 0.0273838 0.0315144 0.0313934 0.0076505 0.0398029 0.0459861 0.0115537 0.0115577 0.0273805 0.0115106 0.0273128 0.0115602 0.0155158 0.0115625 0.0155006 0.0076579 0.0194655 0.0154522 0.0272978 0.0115513 0.0038116 0.0115464 0.0077359 0.0193866 0.0273128 0.0077359 0.0076536 0.0193866 0.0115218 0.0076765 0.0076797 0.0154588 0.0273194 0.0076579 0.0273128 0.0274022 0.0116020 0.0273805 0.0155072 0.0155158 0.0076505 0.0155006 0.0154607 0.0076579 0.0356900 0.0115577 0.0314106 0.0115464 0.0355564 0.0317465 0.0238455 0.0076848 0.0155072 0.0156177 0.0115577 0.0274022 0.0115513 0.0274022 0.0274077 0.0233258 0.0043154 0.0076431 0.0155006 0.0154574 0.0195207 0.0076774 0.0115513 
650261     0.0076892 0.0116036 0.0116434 0.0195331 0.0315386 0.0155277 0.0315386 0.0357063 0.0155125 0.0194276 0.0357024 0.0357063 0.0155780 0.0356213 0.0155125 0.0000000 0.0195396 0.0356213 0.0398172 0.0155191 0.0155801 0.0155191 0.0161076 0.0155679 0.0155313 0.0194658 0.0155313 0.0076800 0.0235037 0.0077060 0.0356122 0.0116126 0.0355765 0.0077154 0.0155399 0.0357312 0.0155125 0.0156320 0.0194658 0.0155780 0.0116166 0.0115781 0.0155749 0.0356122 0.0154813 0.0194515 0.0195505 0.0155313 0.0357024 0.0357063 0.0356122 0.0195505 0.0155191 0.0195486 0.0275910 0.0155801 0.0234851 0.0194658 0.0155679 0.0399231 0.0155191 0.0356122 0.0115755 0.0357024 0.0155814 0.0196011 0.0194515 0.0155780 0.0155191 0.0120475 0.0155125 0.0155660 0.0115755 0.0234881 0.0396724 0.0194431 0.0116126 0.0155399 0.0355765 0.0399231 0.0405766 0.0356122 0.0622919 0.0440557 0.0524223 0.0116166 0.0396758 0.0669591 0.0115781 0.0568803 0.0482581 0.0357424 0.0625275 0.0398398 0.0579777 0.0625811 0.0439536 0.0526573 0.0396758 0.0440100 0.0357424 0.0412897 0.0357063 0.0438054 0.0670123 0.0235327 0.0077324 0.0199135 0.0155125 0.0234401 0.0524870 0.0115781 0.0355765 0.0155399 0.0196763 0.0116036 0.0155277 0.0156320 0.0116036 0.0195949 0.0195331 0.0355765 0.0196166 0.0235245 0.0092833 0.0155125 0.0155313 0.0274265 0.0399556 0.0397994 0.0155125 0.0484521 0.0551738 0.0195246 0.0195311 0.0357024 0.0194515 0.0356122 0.0115781 0.0155399 0.0195396 0.0155246 0.0155277 0.0194958 0.0235037 0.0355927 0.0115691 0.0194431 0.0115642 0.0156885 0.0275222 0.0356122 0.0156885 0.0155191 0.0275222 0.0194697 0.0155660 0.0155727 0.0235141 0.0356213 0.0155277 0.0356122 0.0357312 0.0196078 0.0357024 0.0155313 0.0155399 0.0155125 0.0155246 0.0235167 0.0155277 0.0442478 0.0115755 0.0398213 0.0115642 0.0440800 0.0402531 0.0322508 0.0155833 0.0077120 0.0237588 0.0115755 0.0357312 0.0038300 0.0357312 0.0357384 0.0315386 0.0131487 0.0233938 0.0155246 0.0076875 0.0195512 0.0155679 0.0076832 
110103     0.0116036 0.0076880 0.0077143 0.0155291 0.0194512 0.0115738 0.0194512 0.0234878 0.0115625 0.0155277 0.0234848 0.0234878 0.0116109 0.0234325 0.0115625 0.0195396 0.0000000 0.0234325 0.0274999 0.0038294 0.0195949 0.0115674 0.0120033 0.0116036 0.0195331 0.0154761 0.0115764 0.0194515 0.0194632 0.0115674 0.0234269 0.0155780 0.0234037 0.0116434 0.0195440 0.0235034 0.0115625 0.0116509 0.0154761 0.0116109 0.0155833 0.0155313 0.0038430 0.0234269 0.0116010 0.0154640 0.0155430 0.0115764 0.0234848 0.0234878 0.0234269 0.0155430 0.0115674 0.0155413 0.0235008 0.0195949 0.0115880 0.0235037 0.0116036 0.0275719 0.0115674 0.0234269 0.0155277 0.0234848 0.0116135 0.0155828 0.0154640 0.0116109 0.0115674 0.0079803 0.0115625 0.0116022 0.0155277 0.0275723 0.0274014 0.0154574 0.0155780 0.0195440 0.0234037 0.0275719 0.0280190 0.0234269 0.0491436 0.0316100 0.0397803 0.0155833 0.0274043 0.0536452 0.0155313 0.0440835 0.0357057 0.0235111 0.0493253 0.0275155 0.0449244 0.0493668 0.0315381 0.0399549 0.0274043 0.0315776 0.0235111 0.0285023 0.0234878 0.0314342 0.0536859 0.0194870 0.0116071 0.0158295 0.0115625 0.0194121 0.0398287 0.0155313 0.0234037 0.0195440 0.0156421 0.0155658 0.0115738 0.0116509 0.0076880 0.0155780 0.0077108 0.0234037 0.0155951 0.0194805 0.0092486 0.0115625 0.0115764 0.0234878 0.0275939 0.0274881 0.0115625 0.0358478 0.0418360 0.0155225 0.0155277 0.0234848 0.0076789 0.0234269 0.0155313 0.0195440 0.0077135 0.0195246 0.0115738 0.0235401 0.0194632 0.0234140 0.0077060 0.0154574 0.0155125 0.0116928 0.0155189 0.0234269 0.0116928 0.0115674 0.0155189 0.0076864 0.0116022 0.0038424 0.0116019 0.0234325 0.0115738 0.0234269 0.0235034 0.0155881 0.0234848 0.0195331 0.0195440 0.0115625 0.0195246 0.0194740 0.0115738 0.0317465 0.0155277 0.0275032 0.0155125 0.0316274 0.0277976 0.0198844 0.0116149 0.0195331 0.0196737 0.0155277 0.0235034 0.0155191 0.0235034 0.0235081 0.0194512 0.0087046 0.0193740 0.0195246 0.0194697 0.0236064 0.0116036 0.0155191 
8728       0.0274177 0.0233543 0.0234352 0.0314540 0.0038118 0.0273464 0.0038118 0.0076705 0.0273194 0.0314498 0.0076693 0.0076705 0.0274361 0.0076527 0.0273194 0.0356213 0.0234325 0.0000000 0.0115457 0.0193866 0.0357240 0.0273314 0.0283750 0.0274177 0.0356102 0.0313443 0.0273531 0.0354565 0.0354810 0.0273314 0.0076510 0.0315538 0.0076436 0.0275132 0.0356298 0.0076753 0.0273194 0.0275318 0.0313443 0.0274361 0.0315638 0.0314576 0.0194560 0.0076510 0.0274110 0.0313194 0.0314812 0.0273531 0.0076693 0.0076705 0.0076510 0.0314812 0.0273314 0.0314791 0.0396699 0.0357240 0.0194341 0.0396740 0.0274177 0.0115753 0.0273314 0.0076510 0.0314498 0.0076693 0.0274415 0.0315642 0.0313194 0.0274361 0.0273314 0.0242542 0.0273194 0.0274143 0.0314498 0.0438848 0.0115052 0.0233313 0.0315538 0.0356298 0.0076436 0.0115753 0.0117601 0.0076510 0.0320739 0.0154813 0.0233786 0.0315638 0.0115067 0.0363531 0.0314576 0.0274737 0.0194302 0.0076779 0.0321888 0.0115522 0.0279884 0.0322151 0.0154470 0.0234780 0.0115067 0.0154657 0.0076779 0.0119586 0.0076705 0.0153986 0.0363789 0.0355256 0.0274264 0.0320711 0.0273194 0.0353831 0.0234063 0.0314576 0.0076436 0.0356298 0.0316865 0.0315286 0.0273464 0.0275318 0.0233543 0.0315538 0.0234248 0.0076436 0.0315894 0.0355115 0.0233648 0.0273194 0.0273531 0.0076705 0.0115843 0.0115409 0.0273194 0.0195053 0.0245586 0.0314398 0.0314498 0.0076693 0.0154522 0.0076510 0.0314576 0.0356298 0.0234325 0.0355940 0.0273464 0.0397359 0.0354810 0.0076468 0.0234093 0.0313054 0.0234149 0.0276316 0.0076510 0.0076510 0.0276316 0.0273314 0.0076510 0.0233488 0.0274143 0.0194534 0.0274143 0.0076527 0.0273464 0.0076510 0.0076753 0.0315754 0.0076693 0.0356102 0.0356298 0.0193911 0.0355940 0.0115204 0.0273464 0.0155473 0.0314498 0.0154522 0.0314184 0.0154899 0.0116686 0.0038953 0.0274449 0.0356102 0.0358716 0.0314498 0.0076753 0.0314325 0.0076753 0.0154501 0.0038118 0.0264866 0.0272924 0.0355940 0.0354920 0.0398518 0.0274177 0.0314325 
10781      0.0315208 0.0274077 0.0275032 0.0355972 0.0076677 0.0314383 0.0076677 0.0115727 0.0314070 0.0355921 0.0115710 0.0115727 0.0315423 0.0115457 0.0314070 0.0398172 0.0274999 0.0115457 0.0000000 0.0234008 0.0399329 0.0314211 0.0326282 0.0315208 0.0398050 0.0354720 0.0314461 0.0396317 0.0396596 0.0314211 0.0115431 0.0357109 0.0115319 0.0316314 0.0398269 0.0115800 0.0314070 0.0316531 0.0354720 0.0315423 0.0357221 0.0356011 0.0234849 0.0115431 0.0315129 0.0354437 0.0356279 0.0314461 0.0038067 0.0115727 0.0115431 0.0356279 0.0314211 0.0356259 0.0439003 0.0399329 0.0154315 0.0439046 0.0315208 0.0155242 0.0314211 0.0115431 0.0355921 0.0115710 0.0315484 0.0357228 0.0314070 0.0315423 0.0314211 0.0284703 0.0314070 0.0315169 0.0355921 0.0481647 0.0154295 0.0273805 0.0357109 0.0398269 0.0115319 0.0155242 0.0157732 0.0115431 0.0363023 0.0194655 0.0274364 0.0357221 0.0154315 0.0364376 0.0356011 0.0275355 0.0234539 0.0115840 0.0364335 0.0115776 0.0321806 0.0364635 0.0194231 0.0275541 0.0154315 0.0194467 0.0115840 0.0160413 0.0115727 0.0193606 0.0406690 0.0397099 0.0315310 0.0363002 0.0314070 0.0395489 0.0193606 0.0356011 0.0115319 0.0398269 0.0358624 0.0356821 0.0314383 0.0316531 0.0274077 0.0357109 0.0274910 0.0115319 0.0357516 0.0396935 0.0331009 0.0314070 0.0314461 0.0115727 0.0155363 0.0154778 0.0314070 0.0235460 0.0288305 0.0355810 0.0355921 0.0115710 0.0194295 0.0115431 0.0356011 0.0398269 0.0274999 0.0397865 0.0314383 0.0439734 0.0396596 0.0115367 0.0274725 0.0354276 0.0274792 0.0317684 0.0115431 0.0115431 0.0317684 0.0314211 0.0115431 0.0274010 0.0315169 0.0234819 0.0315171 0.0115457 0.0314383 0.0115431 0.0115800 0.0357358 0.0115710 0.0398050 0.0398269 0.0234063 0.0397865 0.0154501 0.0314383 0.0195488 0.0355921 0.0194295 0.0355564 0.0115319 0.0156499 0.0078365 0.0315523 0.0398050 0.0400996 0.0355921 0.0115800 0.0355725 0.0115800 0.0038104 0.0076677 0.0311085 0.0313757 0.0397865 0.0396717 0.0441027 0.0315208 0.0355725 
32         0.0076806 0.0038168 0.0038297 0.0115635 0.0154487 0.0076611 0.0154487 0.0194321 0.0076536 0.0115625 0.0194295 0.0194321 0.0076854 0.0193866 0.0076536 0.0155191 0.0038294 0.0193866 0.0234008 0.0000000 0.0155626 0.0076568 0.0079432 0.0076806 0.0155139 0.0115243 0.0076627 0.0154489 0.0154588 0.0076568 0.0193821 0.0115996 0.0193631 0.0077068 0.0155225 0.0194448 0.0076536 0.0077116 0.0115243 0.0076854 0.0116036 0.0115651 0.0000010 0.0193821 0.0076789 0.0115154 0.0115738 0.0076627 0.0194295 0.0194321 0.0193821 0.0115738 0.0076568 0.0115724 0.0194425 0.0155626 0.0076703 0.0194450 0.0076806 0.0234615 0.0076568 0.0193821 0.0115625 0.0194295 0.0076871 0.0116031 0.0115154 0.0076854 0.0076568 0.0039608 0.0076536 0.0076797 0.0115625 0.0234619 0.0233176 0.0115106 0.0115996 0.0155225 0.0193631 0.0234615 0.0238398 0.0193821 0.0447096 0.0274574 0.0355402 0.0116036 0.0233203 0.0491436 0.0115651 0.0397803 0.0315066 0.0194512 0.0448733 0.0234140 0.0405340 0.0449107 0.0273955 0.0356946 0.0233203 0.0274294 0.0194512 0.0242475 0.0194321 0.0273061 0.0491802 0.0154775 0.0076829 0.0117854 0.0076536 0.0154178 0.0355830 0.0115651 0.0193631 0.0155225 0.0116469 0.0115905 0.0076611 0.0077116 0.0038168 0.0115996 0.0038280 0.0193631 0.0116121 0.0154726 0.0045848 0.0076536 0.0076627 0.0194321 0.0234801 0.0233908 0.0076536 0.0316311 0.0373617 0.0115586 0.0115625 0.0194295 0.0038123 0.0193821 0.0115651 0.0155225 0.0038294 0.0155072 0.0076611 0.0194740 0.0154588 0.0193715 0.0038257 0.0115106 0.0115513 0.0077392 0.0115560 0.0193821 0.0077392 0.0076568 0.0115560 0.0038160 0.0076797 0.0000010 0.0076794 0.0193866 0.0076611 0.0193821 0.0194448 0.0116070 0.0194295 0.0155139 0.0155225 0.0076536 0.0155072 0.0154674 0.0076611 0.0275752 0.0115625 0.0234037 0.0115513 0.0274725 0.0236525 0.0157912 0.0076880 0.0155139 0.0156245 0.0115625 0.0194448 0.0115561 0.0194448 0.0194487 0.0154487 0.0043174 0.0153887 0.0155072 0.0154640 0.0195292 0.0076806 0.0115561 
